2 85
83 167
85 168
1447 1448
1448 1449
1530 83
64 783
65 784
20 803
148 867
748 812
749 813
832 896
1467 719
1468 720
1034 1120
1035 1121
1118 1204
411 1445
412 1446
495 1529
497 86
498 87
581 170
343 1254
344 1255
427 1338
277 620
278 621
361 704
1188 911
1189 912
1272 995
518 644
519 645
602 728
887 1405
888 1406
971 1489
1013 126
1014 127
1097 210
1001 1410
1002 1411
1085 1494
121 1122
122 1123
205 1206
530 409
531 410
614 493
1293 1442
1294 1443
1377 1526
89 1382
90 1383
173 1466
238 149
239 150
322 233
78 428
79 429
6 434
162 512
1103 1181
1104 1182
1187 1265
1453 350
1454 351
399 1365
400 1366
483 1449
166 565
167 566
250 649
1132 966
1133 967
1216 1050
1040 93
1041 94
1124 177
491 584
492 585
575 668
1438 947
1439 948
1522 1031
727 1359
728 1360
811 1443
172 899
173 900
256 983
804 632
805 633
888 716
598 1240
599 1241
682 1324
291 889
292 890
375 973
933 642
934 643
1017 726
1528 1279
1529 1280
3 1282
4 1283
81 1363
87 1366
252 249
253 250
336 333
1339 713
1340 714
1423 797
192 905
193 906
276 989
818 626
819 627
902 710
1491 1233
1492 1234
40 1273
41 1274
44 1317
124 1357
298 258
299 259
382 342
502 831
503 832
586 915
700 1202
701 1203
784 1286
1029 329
1030 330
1113 413
1508 1130
1509 1131
23 1153
24 1154
61 1214
107 1237
401 378
402 379
485 462
59 363
60 364
25 388
143 447
1168 1227
1169 1228
1252 1311
1472 304
1473 305
714 267
715 268
798 351
817 1084
818 1085
901 1168
1264 447
1265 448
1348 531
1297 247
1298 248
1381 331
234 481
235 482
318 565
1284 1050
1285 1051
1368 1134
334 498
335 499
418 582
1033 1367
1034 1368
1117 1451
1197 164
1198 165
1281 248
1473 1252
1474 1253
58 1310
59 1311
26 1336
142 1394
279 221
280 222
363 305
881 516
882 517
965 600
650 1166
651 1167
734 1250
1015 365
1016 366
1099 449
1268 873
1269 874
1352 957
263 1136
264 1137
347 1220
658 395
659 396
742 479
9 756
10 757
75 831
93 840
775 784
776 785
859 868
1522 747
1523 748
576 923
577 924
660 1007
608 1184
609 1185
692 1268
955 347
956 348
1039 431
120 894
121 895
204 978
637 757
638 758
721 841
1411 774
1412 775
1495 858
25 569
26 570
59 628
109 653
962 987
963 988
1046 1071
1506 544
1507 545
69 1203
70 1204
15 1218
153 1287
328 397
329 398
412 481
1462 1134
1463 1135
1354 442
1355 443
1438 526
177 619
178 620
261 703
1089 912
1090 913
1173 996
920 730
921 731
1004 814
611 1341
612 1342
695 1425
801 190
802 191
885 274
702 790
703 791
786 874
741 1443
742 1444
825 1527
829 88
830 89
913 172
529 37
530 38
47 576
613 121
1002 1039
1003 1040
1086 1123
1494 492
1495 493
174 837
175 838
258 921
694 868
695 869
778 952
1357 663
1358 664
1441 747
419 1514
420 1515
17 436
18 437
503 67
101 520
1112 1095
1113 1096
1196 1179
789 443
790 444
873 527
742 1185
743 1186
826 1269
1088 346
1089 347
1172 430
1504 794
1505 795
27 821
28 822
57 878
111 905
737 710
738 711
821 794
1334 293
1335 294
1418 377
197 490
198 491
281 574
1238 1041
1239 1042
1322 1125
1171 380
1172 381
1255 464
360 740
361 741
444 824
1151 791
1152 792
1235 875
1456 1355
1457 1356
75 1430
76 1431
9 1439
159 1514
176 101
177 102
260 185
1324 984
1325 985
1408 1068
207 1191
208 1192
291 1275
547 340
548 341
631 424
531 205
532 206
615 289
1000 1205
1001 1206
1084 1289
1326 326
1327 327
1410 410
302 872
303 873
386 956
659 961
660 962
743 1045
1229 570
1230 571
1313 654
956 692
957 693
1040 776
575 1267
576 1268
659 1351
839 264
840 265
923 348
1475 1420
1476 1421
56 1476
57 1477
28 1504
111 55
112 56
140 29
195 139
1009 551
1010 552
1093 635
522 1073
523 1074
606 1157
980 458
981 459
1064 542
274 51
275 52
33 307
358 135
1257 1308
1258 1309
1341 1392
1480 223
1481 224
695 202
696 203
779 286
836 1038
837 1039
920 1122
1329 493
1330 494
1413 577
81 680
82 681
3 683
165 764
851 932
852 933
935 1016
1450 599
1451 600
591 652
592 653
675 736
879 1470
880 1471
940 61
941 62
963 23
1024 145
1080 391
1081 392
1164 475
451 842
452 843
535 926
1140 689
1141 690
1224 773
225 528
226 529
309 612
1003 1228
1004 1229
1087 1312
1306 303
1307 304
1390 387
621 110
622 111
705 194
910 1020
911 1021
994 1104
1421 511
1422 512
1505 595
1469 916
1470 917
62 978
63 979
22 1000
146 1062
615 553
616 554
699 637
625 446
626 447
709 530
906 1352
907 1353
990 1436
1085 179
1086 180
1169 263
194 986
195 987
278 1070
545 739
546 740
629 823
1337 792
1338 793
1421 876
168 333
169 334
252 417
1198 1366
1199 1367
1282 1450
1363 165
1364 166
1447 249
35 1409
36 1410
49 1458
119 1493
122 157
123 158
206 241
1496 1374
1497 1375
709 1378
710 1379
793 1462
153 862
154 863
237 946
822 669
823 670
906 753
977 925
978 926
1061 1009
554 1479
555 1480
606 52
607 53
638 32
690 136
1288 1022
1289 1023
1372 1106
243 1265
244 1266
327 1349
509 266
510 267
593 350
1289 1106
1290 1107
1373 1190
242 1348
243 1349
326 1432
425 183
426 184
509 267
1353 358
1354 359
1437 442
178 536
179 537
262 620
1173 995
1174 996
1257 1079
856 1478
857 1479
53 909
54 910
940 31
137 993
675 622
676 623
759 706
1199 1201
1200 1202
1283 1285
330 1529
331 1530
332 2
333 3
414 82
416 86
186 314
187 315
270 398
1217 1403
1218 1404
1301 1487
1345 128
1346 129
1429 212
1187 193
1188 194
1271 277
344 537
345 538
428 621
1338 994
1339 995
1422 1078
949 104
950 105
1033 188
582 686
583 687
666 770
1427 845
1428 846
1511 929
1027 532
1028 533
1111 616
504 1036
505 1037
588 1120
999 495
1000 496
1083 579
1426 366
1427 367
1510 450
105 471
106 472
189 555
1165 1060
1166 1061
1249 1144
935 459
936 460
1019 543
596 1055
597 1056
680 1139
1072 476
1073 477
1156 560
131 287
132 288
215 371
1244 1375
1245 1376
1328 1459
1400 156
1401 157
1484 240
729 1527
730 1528
4 733
5 734
813 80
88 817
802 798
803 799
886 882
726 1275
727 1276
810 1359
256 982
257 983
340 1066
805 549
806 550
889 633
534 457
535 458
618 541
997 1454
998 1455
1074 77
1075 78
1081 7
1158 161
494 159
495 160
578 243
1037 1196
1038 1197
1121 1280
1372 335
1373 336
1456 419
996 990
997 991
1080 1074
535 1525
536 1526
541 6
542 7
619 78
625 90
973 589
974 590
1057 673
558 1147
559 1148
642 1231
942 384
943 385
1026 468
1032 952
1033 953
1116 1036
499 1451
500 1452
579 80
580 81
583 4
663 164
215 1219
216 1220
299 1303
312 527
313 528
396 611
1316 1004
1317 1005
1400 1088
1512 1466
1513 1467
19 1485
20 1486
65 46
66 47
65 19
103 38
149 130
315 433
316 434
399 517
1098 1413
1099 1414
1182 1497
1216 118
1217 119
1300 202
257 154
258 155
341 238
1274 1428
1275 1429
1358 1512
1377 103
1378 104
1461 187
1138 670
1139 671
1222 754
393 1063
394 1064
477 1147
861 468
862 469
945 552
875 12
876 13
72 947
959 96
656 668
657 669
740 752
1519 863
1520 864
884 768
885 769
968 852
647 1415
648 1416
731 1499
763 116
764 117
847 200
1460 160
1461 161
71 231
72 232
13 244
155 315
1371 1300
1372 1301
1455 1384
49 1054
50 1055
35 1089
133 1138
477 526
478 527
561 610
1482 1005
1483 1006
74 92
75 93
10 102
158 176
1439 1513
1440 1514
1457 18
1458 19
1523 66
143 1295
144 1296
227 1379
236 379
237 380
320 463
1388 1152
1389 1153
1472 1236
1497 206
1498 207
34 240
35 241
50 290
118 324
1325 1291
1326 1292
1409 1375
886 936
887 937
970 1020
595 1481
596 1482
645 50
646 51
679 34
729 134
57 195
58 196
27 222
141 279
1336 1393
1337 1394
1420 1477
1474 138
1475 139
586 232
587 233
670 316
945 1177
946 1178
1029 1261
1299 354
1300 355
1383 438
760 1069
761 1070
844 1153
462 1222
463 1223
546 1306
771 309
772 310
855 393
1179 1052
1180 1053
1263 1136
352 1404
353 1405
436 1488
479 127
480 128
563 211
437 1495
438 1496
36 473
37 474
521 48
120 557
1094 1058
1095 1059
1178 1142
410 758
411 759
494 842
773 1183
774 1184
857 1267
1121 348
1122 349
1205 432
213 1051
214 1052
297 1135
480 693
481 694
564 777
1318 838
1319 839
1402 922
1384 1431
1385 1432
1468 1515
100 1484
101 1485
147 47
148 48
184 37
231 131
1309 1255
1310 1256
1393 1339
222 1477
223 1478
276 54
277 55
306 30
360 138
1102 708
1103 709
1186 792
429 1137
430 1138
513 1221
823 394
824 395
907 478
102 913
103 914
186 997
618 720
619 721
702 804
1429 811
1430 812
1513 895
404 254
405 255
488 338
1127 1381
1128 1382
1211 1465
1277 150
1278 151
1361 234
1360 946
1361 947
1444 1030
171 1117
172 1118
255 1201
585 414
586 415
669 498
1304 835
1305 836
1388 919
227 1062
228 1063
311 1146
696 469
697 470
780 553
782 1386
783 1387
866 1470
145 927
146 928
229 1011
749 604
750 605
833 688
1056 1437
1057 1438
1140 1521
94 1150
95 1151
178 1234
475 381
476 382
559 465
220 108
221 109
304 192
1311 1419
1312 1420
1395 1503
1423 112
1424 113
1507 196
301 788
302 789
385 872
743 1044
744 1045
827 1128
1230 487
1231 488
1314 571
892 1440
893 1441
976 1524
91 983
92 984
175 1067
639 548
640 549
723 632
441 300
442 301
525 384
1090 1390
1091 1391
1174 1474
1231 141
1232 142
1315 225
666 828
667 829
750 912
703 1369
704 1370
787 1453
865 162
866 163
949 246
1287 938
1288 939
1371 1022
244 1182
245 1183
328 1266
593 349
594 350
677 433
1225 323
1226 324
1309 407
306 629
307 630
390 713
1208 902
1209 903
1292 986
319 769
320 770
403 853
762 1081
763 1082
846 1165
1212 450
1213 451
1296 534
513 224
514 225
597 308
1018 1242
1019 1243
1102 1326
1307 289
1308 290
1391 373
681 557
682 558
765 641
850 1407
851 1408
934 1491
974 124
975 125
1058 208
716 435
717 436
800 519
815 1250
816 1251
899 1334
1096 281
1097 282
1180 365
1425 282
1426 283
1509 366
106 388
107 389
190 472
1249 1143
1250 1144
1333 1227
871 1207
872 1208
955 1291
324 1195
325 1196
408 1279
660 336
661 337
744 420
628 698
629 699
712 782
833 1461
834 1462
903 70
904 71
917 14
987 154
386 273
387 274
470 357
1145 1418
1146 1419
1229 1502
1258 113
1259 114
1342 197
208 631
209 632
292 715
900 1108
901 1109
984 1192
1323 423
1324 424
1407 507
1064 578
1065 579
1148 662
467 1045
468 1046
551 1129
953 486
954 487
1037 570
732 248
733 249
816 332
799 1047
800 1048
883 1131
1283 484
1284 485
1367 568
918 562
919 563
1002 646
613 1175
614 1176
697 1259
969 356
970 357
1053 440
574 755
575 756
658 839
776 1350
777 1351
860 1434
957 181
958 182
1041 265
1523 859
1524 860
8 867
9 868
76 943
92 951
672 664
673 665
756 748
1019 1391
1020 1392
1103 1475
140 1159
141 1160
224 1243
512 372
513 373
596 456
914 226
915 227
998 310
617 843
618 844
701 927
1305 688
1306 689
1389 772
318 685
319 686
402 769
846 1164
847 1165
930 1248
1213 367
1214 368
1297 451
449 972
450 973
533 1056
559 1008
560 1009
643 1092
1082 523
1083 524
1166 607
1178 968
1179 969
1262 1052
353 1321
354 1322
437 1405
563 210
564 211
647 294
373 712
374 713
457 796
819 1192
820 1193
903 1276
1158 339
1159 340
1242 423
907 1169
908 1170
991 1253
362 1269
363 1270
446 1353
624 262
625 263
708 346
1401 1328
1402 1329
1485 1412
130 1458
131 1459
203 73
204 74
214 11
287 157
866 787
867 788
950 871
665 1452
666 1453
744 79
745 80
749 5
828 163
308 1376
309 1377
392 1460
155 463
156 464
239 547
1223 1068
1224 1069
1307 1152
1340 797
1341 798
1424 881
191 988
192 989
275 1072
734 543
735 544
818 627
24 485
25 486
60 545
108 569
1046 1070
1047 1071
1130 1154
1507 461
1508 462
5 420
6 421
79 499
89 504
1111 1116
1112 1117
1195 1200
1526 415
1527 416
320 853
321 854
404 937
678 998
679 999
762 1082
1211 533
1212 534
1295 617
577 1007
578 1008
661 1091
524 1101
525 1102
608 1185
954 430
955 431
1038 514
184 146
185 147
268 230
1347 1493
1348 1494
1385 38
1386 39
1431 46
1469 122
1059 158
1060 159
1143 242
472 630
473 631
556 714
1373 901
1374 902
1457 985
412 926
413 927
496 1010
605 1017
606 1018
689 1101
1119 514
1120 515
1203 598
341 1086
342 1087
425 1170
445 786
446 787
529 870
1190 745
1191 746
1274 829
390 609
391 610
474 693
922 1312
923 1313
1006 1396
1141 219
1142 220
1225 303
464 701
465 702
548 785
830 1294
831 1295
914 1378
1067 237
1068 238
1151 321
607 465
608 466
691 549
924 1389
925 1390
1008 1473
1066 142
1067 143
1150 226
573 671
574 672
657 755
860 1433
861 1434
944 1517
958 98
959 99
1042 182
1459 76
1460 77
8 1467
72 148
73 149
12 160
156 232
1455 1383
1456 1384
1516 271
1517 272
15 286
16 287
69 355
99 370
1260 1245
1261 1246
1344 1329
571 503
572 504
655 587
960 1463
961 1464
1028 68
1029 69
1044 16
1112 152
1331 41
1332 42
43 1374
1415 125
200 241
201 242
284 325
1490 1290
1491 1291
979 1093
980 1094
1063 1177
438 1417
439 1418
522 1501
552 114
553 115
636 198
1416 1057
1417 1058
1500 1141
115 1172
116 1173
199 1256
474 359
475 360
558 443
295 284
296 285
379 368
1236 1520
1237 1521
1247 11
1248 12
1320 73
1331 95
508 1335
509 1336
592 1419
196 704
197 705
280 788
1023 827
1024 828
1107 911
361 1235
362 1236
445 1319
296 657
297 658
380 741
1170 874
1171 875
1254 958
139 959
140 960
223 1043
572 711
573 712
656 795
1392 820
1393 821
1476 904
1241 136
1242 137
1325 220
290 426
291 427
374 510
1395 1105
1396 1106
1479 1189
1343 1049
1344 1050
1427 1133
188 1237
189 1238
272 1321
482 294
483 295
566 378
216 1303
217 1304
300 1387
228 444
229 445
312 528
1315 1087
1316 1088
1399 1171
45 718
46 719
39 757
129 802
813 858
814 859
897 942
1486 673
1487 674
1349 22
1350 23
62 1411
1433 106
182 204
183 205
266 288
1509 1327
1510 1328
600 1408
601 1409
684 1492
123 723
124 724
207 807
931 808
932 809
1015 892
125 1314
126 1315
209 1398
217 342
218 343
301 426
1406 1189
1407 1190
1490 1273
345 1422
346 1423
429 1506
109 454
110 455
193 538
1186 1077
1187 1078
1270 1161
646 679
647 680
730 763
852 1498
853 1499
885 33
886 34
936 51
969 117
7 588
8 589
77 665
91 672
943 950
944 951
1027 1034
1524 581
1525 582
448 888
449 889
532 972
643 1091
644 1092
727 1175
1083 440
1084 441
1167 524
1114 185
1115 186
1198 269
417 602
418 603
501 686
1346 929
1347 930
1430 1013
870 1123
871 1124
954 1207
408 1278
409 1279
492 1362
661 253
662 254
745 337
564 1446
565 1447
648 1530
85 649
86 650
169 733
967 882
968 883
1051 966
883 684
884 685
967 768
648 1332
649 1333
732 1416
847 199
848 200
931 283
1396 908
1397 909
1480 992
135 1043
136 1044
219 1127
623 488
624 489
707 572
546 1465
547 1466
66 612
67 613
630 18
150 696
985 919
986 920
1069 1003
1262 369
1263 370
1346 453
269 638
270 639
353 722
1162 893
1163 894
1246 977
1156 651
1157 652
1240 735
375 1026
376 1027
459 1110
880 505
881 506
964 589
496 327
497 328
580 411
1035 1362
1036 1363
1119 1446
1204 169
1205 170
1288 253
1124 1025
1125 1026
1208 1109
407 1432
408 1433
491 1516
506 99
507 100
590 183
1510 1298
1511 1299
21 1319
22 1320
63 1382
105 1403
233 212
234 213
317 296
187 398
188 399
271 482
1133 1320
1134 1321
1217 1404
1344 211
1345 212
1428 295
1251 976
1252 977
1335 1060
280 1256
281 1257
364 1340
555 275
556 276
639 359
452 1224
453 1225
536 1308
307 759
308 760
391 843
1079 772
1080 773
1163 856
1370 255
1371 256
1454 339
161 416
162 417
245 500
1276 1115
1277 1116
1360 1199
413 1010
414 1011
497 1094
521 934
522 935
605 1018
1118 597
1119 598
1202 681
405 338
406 339
489 422
1126 1464
1127 1465
1193 67
1194 68
1210 17
1277 151
1424 198
1425 199
1508 282
107 305
108 306
191 389
1333 1226
1334 1227
1417 1310
807 424
808 425
891 508
724 1148
725 1149
808 1232
1107 383
1108 384
1191 467
1125 1109
1126 1110
1209 1193
406 1515
407 1516
422 16
423 17
490 68
506 100
43 550
44 551
41 591
127 634
981 1024
982 1025
1065 1108
1488 507
1489 508
1221 1518
1222 1519
13 1234
14 1235
1305 71
97 1318
310 297
311 298
394 381
63 699
64 700
21 720
147 783
832 895
833 896
916 979
1468 636
1469 637
970 337
971 338
1054 421
561 898
562 899
645 982
1194 633
1195 634
1278 717
840 134
841 135
924 218
691 825
692 826
775 909
1397 706
1398 707
1481 790
175 921
176 922
259 1005
610 785
611 786
694 869
1356 746
1357 747
1440 830
483 766
484 767
567 850
765 1248
766 1249
849 1332
1048 283
1049 284
1132 367
292 32
293 33
52 344
376 116
1239 1271
1240 1272
1323 1355
1499 260
1500 261
316 517
317 518
400 601
1014 1330
1015 1331
1098 1414
1215 201
1216 202
1299 285
321 937
322 938
405 1021
594 915
595 916
678 999
1210 616
1211 617
1294 700
641 259
642 260
725 343
890 1149
891 1150
974 1233
1272 382
1273 383
1356 466
1218 1266
1219 1267
1302 1350
265 1483
266 1484
313 48
314 49
349 36
397 132
1402 1412
1403 1413
1486 1496
119 1521
120 1522
129 10
130 11
203 74
213 94
930 39
931 40
45 975
1014 123
601 640
602 641
685 724
1492 891
1493 892
1342 965
1343 966
1426 1049
189 1154
190 1155
273 1238
566 377
567 378
650 461
152 520
153 521
236 604
1011 1163
1012 1164
1095 1247
1379 368
1380 369
1463 452
542 1129
543 1130
626 1213
402 944
403 945
486 1028
989 587
990 588
1073 671
1006 299
1007 300
1090 383
525 824
526 825
609 908
1232 707
1233 708
1316 791
82 764
83 765
2 766
166 848
767 849
768 850
851 933
1449 682
1450 683
655 1435
656 1436
739 1519
96 751
97 752
180 835
876 780
877 781
960 864
583 1511
584 1512
20 603
21 604
667 64
104 687
948 928
949 929
1032 1012
568 251
569 252
652 335
963 1214
964 1215
1047 1298
1280 317
1281 318
1364 401
1139 754
1140 755
1223 838
392 1146
393 1147
476 1230
777 385
778 386
861 469
939 795
940 796
1023 879
592 1387
593 1388
676 1471
736 144
737 145
820 228
387 357
388 358
471 441
1144 1501
1145 1502
1174 30
1175 31
1228 54
1258 114
272 1414
273 1415
356 1498
117 389
118 390
201 473
1259 1142
1260 1143
1343 1226
567 167
568 168
651 251
964 1131
965 1132
1048 1215
1364 400
1365 401
1448 484
1075 1502
1076 1503
29 1104
30 1105
1159 55
113 1188
456 427
457 428
540 511
1436 1206
1437 1207
1520 1290
95 1301
96 1302
179 1385
325 230
326 231
409 314
44 634
45 635
40 674
128 718
897 941
898 942
981 1025
1487 590
1488 591
1285 770
1286 771
1369 854
246 1016
247 1017
330 1100
761 515
762 516
845 599
1097 288
1098 289
1181 372
434 722
435 723
518 806
1243 809
1244 810
1327 893
1313 60
1314 61
24 1337
1397 144
218 278
219 279
302 362
1471 1253
1472 1254
1358 778
1359 779
1442 862
173 951
174 952
257 1035
753 580
754 581
837 664
1176 800
1177 801
1260 884
355 1155
356 1156
439 1239
731 376
732 377
815 460
245 677
246 678
329 761
854 1099
855 1100
938 1183
1286 432
1287 433
1370 516
370 460
371 461
454 544
1071 1441
1072 1442
1155 1525
1161 90
1162 91
1245 174
715 351
716 352
799 435
816 1167
817 1168
900 1251
1180 364
1181 365
1264 448
1361 1030
1362 1031
1445 1114
170 1200
171 1201
254 1284
501 331
502 332
585 415
1368 87
1369 88
1452 171
163 250
164 251
247 334
1444 1281
1445 1282
1528 1365
285 975
286 976
369 1059
556 841
557 842
640 925
1246 690
1247 691
1330 774
1399 1160
1400 1161
1483 1244
132 1292
133 1293
216 1376
371 239
372 240
455 323
738 752
739 753
822 836
779 1517
780 1518
793 14
794 15
863 70
877 98
1302 667
1303 668
1386 751
229 896
230 897
313 980
864 635
865 636
948 719
654 1351
655 1352
738 1435
180 834
181 835
264 918
877 697
878 698
961 781
519 728
520 729
603 812
803 1322
804 1323
887 1406
1012 209
1013 210
1096 293
1065 662
1066 663
1149 746
466 1128
467 1129
550 1212
869 403
870 404
953 487
796 1031
797 1032
880 1115
500 1296
501 1297
584 1380
735 235
736 236
819 319
421 151
422 152
505 235
1110 1261
1111 1262
1194 1345
1380 270
1381 271
1464 354
917 478
918 479
1001 562
614 1092
615 1093
698 1176
1053 439
1054 440
1137 523
510 1503
511 1504
28 538
29 539
594 56
112 622
1021 993
1022 994
1105 1077
489 1270
490 1271
573 1354
261 750
262 751
345 834
1042 781
1043 782
1126 865
676 137
677 138
760 221
855 992
856 993
939 1076
1394 539
1395 540
1478 623
396 1113
397 1114
480 1197
418 814
419 815
502 898
1135 717
1136 718
1219 801
848 806
849 807
932 890
683 1489
684 1490
725 42
726 43
767 42
809 126
687 1061
688 1062
771 1145
470 1157
471 1158
554 1241
844 374
845 375
928 458
1100 540
1101 541
1184 624
431 971
432 972
515 1055
991 560
992 561
1075 644
1505 878
1506 879
26 904
27 905
58 962
110 988
653 627
654 628
737 711
1398 1076
1399 1077
1482 1160
133 1209
134 1210
217 1293
455 322
456 323
539 406
674 1500
675 1501
31 705
32 706
758 53
115 789
857 826
858 827
941 910
268 1078
269 1079
352 1162
453 721
454 722
537 805
1263 810
1264 811
1347 894
311 97
312 98
395 181
1220 1317
1221 1318
1304 1401
1434 214
1435 215
1518 298
