0 1 5
0 2 11
0 6 13
0 8 18
1 2 6
1 3 12
1 7 14
1 9 19
2 3 7
2 4 13
2 8 10
2 5 15
3 4 8
3 0 14
3 9 11
3 6 16
4 0 9
4 1 10
4 5 12
4 7 17
5 6 10
5 7 16
5 11 18
5 13 23
6 7 11
6 8 17
6 12 19
6 14 24
7 8 12
7 9 18
7 13 15
7 10 20
8 9 13
8 5 19
8 14 16
8 11 21
9 5 14
9 6 15
9 10 17
9 12 22
10 11 15
10 12 21
10 16 23
10 18 3
11 12 16
11 13 22
11 17 24
11 19 4
12 13 17
12 14 23
12 18 20
12 15 0
13 14 18
13 10 24
13 19 21
13 16 1
14 10 19
14 11 20
14 15 22
14 17 2
15 16 20
15 17 1
15 21 3
15 23 8
16 17 21
16 18 2
16 22 4
16 24 9
17 18 22
17 19 3
17 23 0
17 20 5
18 19 23
18 15 4
18 24 1
18 21 6
19 15 24
19 16 0
19 20 2
19 22 7
20 21 0
20 22 6
20 1 8
20 3 13
21 22 1
21 23 7
21 2 9
21 4 14
22 23 2
22 24 8
22 3 5
22 0 10
23 24 3
23 20 9
23 4 6
23 1 11
24 20 4
24 21 5
24 0 7
24 2 12
