0 1 7
0 2 21
0 3 20
0 4 28
0 8 18
0 11 22
1 2 8
1 3 22
1 4 21
1 5 29
1 9 19
1 12 23
2 3 9
2 4 23
2 5 22
2 6 30
2 10 20
2 13 24
3 4 10
3 5 24
3 6 23
3 7 31
3 11 21
3 14 25
4 5 11
4 6 25
4 7 24
4 8 32
4 12 22
4 15 26
5 6 12
5 7 26
5 8 25
5 9 0
5 13 23
5 16 27
6 7 13
6 8 27
6 9 26
6 10 1
6 14 24
6 17 28
7 8 14
7 9 28
7 10 27
7 11 2
7 15 25
7 18 29
8 9 15
8 10 29
8 11 28
8 12 3
8 16 26
8 19 30
9 10 16
9 11 30
9 12 29
9 13 4
9 17 27
9 20 31
10 11 17
10 12 31
10 13 30
10 14 5
10 18 28
10 21 32
11 12 18
11 13 32
11 14 31
11 15 6
11 19 29
12 13 19
12 14 0
12 15 32
12 16 7
12 20 30
13 14 20
13 15 1
13 16 0
13 17 8
13 21 31
14 15 21
14 16 2
14 17 1
14 18 9
14 22 32
15 16 22
15 17 3
15 18 2
15 19 10
15 23 0
16 17 23
16 18 4
16 19 3
16 20 11
16 24 1
17 18 24
17 19 5
17 20 4
17 21 12
17 25 2
18 19 25
18 20 6
18 21 5
18 22 13
18 26 3
19 20 26
19 21 7
19 22 6
19 23 14
19 27 4
20 21 27
20 22 8
20 23 7
20 24 15
20 28 5
21 22 28
21 23 9
21 24 8
21 25 16
21 29 6
22 23 29
22 24 10
22 25 9
22 26 17
22 30 7
23 24 30
23 25 11
23 26 10
23 27 18
23 31 8
24 25 31
24 26 12
24 27 11
24 28 19
24 32 9
25 26 32
25 27 13
25 28 12
25 29 20
25 0 10
26 27 0
26 28 14
26 29 13
26 30 21
26 1 11
27 28 1
27 29 15
27 30 14
27 31 22
27 2 12
28 29 2
28 30 16
28 31 15
28 32 23
28 3 13
29 30 3
29 31 17
29 32 16
29 0 24
29 4 14
30 31 4
30 32 18
30 0 17
30 1 25
30 5 15
31 32 5
31 0 19
31 1 18
31 2 26
31 6 16
32 0 6
32 1 20
32 2 19
32 3 27
32 7 17
