2 113
111 223
113 224
255 256
256 257
366 111
47 126
48 127
65 191
159 238
241 288
242 289
320 79
321 80
353 33
7 50
8 51
62 69
105 155
119 162
317 324
318 325
360 43
361 44
329 148
330 149
38 186
39 187
74 260
150 298
219 181
220 182
331 293
49 350
50 351
17 66
18 67
63 46
161 95
129 178
318 301
319 302
101 302
102 303
11 313
65 166
66 167
213 47
177 278
266 201
267 202
343 248
344 249
24 272
25 273
88 360
119 95
120 96
136 17
231 207
340 279
341 280
27 306
28 307
88 61
89 62
85 24
139 51
200 173
199 268
200 269
99 298
100 299
311 13
168 69
169 70
211 43
280 181
178 118
179 119
290 230
189 307
190 308
249 60
250 61
301 52
361 172
292 41
293 42
71 363
75 116
76 117
37 153
187 228
326 251
327 252
145 92
146 93
20 165
257 204
222 314
223 315
275 53
276 54
334 59
209 287
210 288
80 289
81 290
321 32
158 78
159 79
192 34
270 190
281 277
282 278
86 363
87 364
90 4
91 5
26 22
198 108
202 116
362 174
363 175
5 179
6 180
107 286
117 291
193 188
194 189
305 300
132 104
133 105
8 140
244 216
235 339
236 340
263 28
264 29
347 84
332 117
333 118
35 152
36 153
77 229
147 264
250 215
251 216
362 327
190 361
191 362
6 196
7 197
302 106
118 308
177 171
178 172
289 283
122 85
123 86
27 149
234 197
245 330
246 331
282 37
283 38
357 75
229 325
230 326
42 271
43 272
341 70
138 96
139 97
154 16
250 208
120 228
121 229
232 340
139 259
140 260
247 108
248 109
251 4
359 220
135 73
136 74
39 174
247 185
232 305
233 306
294 62
295 63
344 50
106 128
107 129
6 134
218 240
239 345
240 346
261 22
262 23
351 90
211 144
212 145
323 256
156 300
157 301
223 67
224 68
268 45
335 179
8 162
9 163
104 266
120 274
205 213
206 214
317 325
359 154
360 155
9 274
10 275
93 102
94 103
103 10
121 19
205 214
358 265
359 266
56 33
57 34
56 89
79 135
168 145
311 344
312 345
334 23
335 24
63 83
64 84
29 92
49 132
175 195
284 347
285 348
304 20
305 21
25 231
26 232
87 318
137 343
136 161
137 162
248 273
342 206
343 207
74 214
75 215
38 252
186 326
153 227
154 228
265 339
293 140
294 141
175 149
176 150
287 261
192 341
193 342
218 26
219 27
304 86
330 138
151 30
152 31
82 233
263 142
216 246
217 247
328 358
337 121
338 122
124 309
125 310
58 182
59 183
236 54
170 294
243 185
244 186
355 297
323 210
324 211
44 254
45 255
68 322
156 366
157 113
158 114
269 225
134 328
135 329
39 173
40 174
246 73
151 285
233 194
234 195
345 306
59 2
60 3
53 55
110 169
171 114
308 310
309 311
365 57
366 58
204 94
205 95
18 222
316 206
163 257
164 258
273 110
274 111
275 2
46 14
47 15
66 80
98 144
158 126
321 335
322 336
353 32
354 33
327 291
328 292
40 331
41 332
76 36
77 37
72 36
152 76
188 148
322 98
323 99
14 336
45 143
46 144
67 210
157 255
269 224
270 225
87 202
88 203
25 227
199 314
165 252
166 253
277 364
280 115
281 116
52 319
53 320
48 100
49 101
60 12
164 64
160 212
315 267
316 268
242 313
243 314
54 296
55 297
354 58
125 71
126 72
166 41
237 183
364 31
365 32
3 34
4 35
81 78
109 143
115 146
336 333
337 334
226 356
227 357
11 237
12 238
338 101
123 349
141 130
142 131
253 242
346 217
347 218
21 238
22 239
91 329
133 350
150 129
151 130
262 241
114 290
115 291
77 191
78 192
226 35
189 303
253 176
254 177
365 288
220 51
221 52
61 281
332 163
147 198
148 199
259 310
316 169
317 170
64 195
65 196
48 243
176 307
172 236
173 237
284 348
303 131
304 132
72 357
73 358
10 82
11 83
40 30
184 102
122 194
295 285
296 286
81 264
82 265
31 295
103 184
104 185
193 9
215 296
286 183
287 184
137 297
138 298
70 207
71 208
249 42
182 319
230 160
231 161
342 272
200 13
201 14
99 299
312 125
167 180
168 181
279 292
354 187
355 188
225 244
226 245
337 356
123 348
124 349
142 19
143 20
235 93
254 131
299 91
300 92
21 320
68 159
69 160
44 203
180 271
276 208
277 209
107 240
108 241
5 245
219 352
127 234
128 235
239 346
260 133
261 134
258 270
259 271
97 355
98 356
109 12
110 13
3 15
209 100
221 124
15 212
16 213
97 309
127 324
155 170
156 171
267 282
352 197
353 198
338 55
339 56
29 84
30 85
57 28
83 167
141 196
312 283
313 284
105 16
106 17
7 23
96 201
217 128
262 278
263 279
351 89
352 90
164 18
165 19
94 258
276 130
203 221
204 222
315 333
349 146
350 147
