2 19
17 35
19 36
793 794
794 795
810 17
729 146
730 147
747 164
82 228
83 229
100 246
665 583
666 584
683 601
236 193
237 194
254 211
575 768
576 769
593 786
618 43
619 44
636 61
112 394
113 395
130 412
417 529
418 530
435 547
699 282
700 283
717 300
548 132
549 133
566 150
263 395
264 396
281 413
679 416
680 417
697 434
480 530
481 531
498 548
281 761
282 762
299 779
331 50
332 51
349 68
379 334
380 335
397 352
432 766
433 767
450 784
477 45
478 46
495 63
551 186
552 187
569 204
260 446
261 447
278 464
625 365
626 366
643 383
234 157
235 158
252 175
577 734
578 735
595 752
654 77
655 78
672 95
276 102
277 103
294 120
535 637
536 638
553 655
709 174
710 175
727 192
76 557
77 558
94 575
254 330
255 331
272 348
735 481
736 482
753 499
256 553
257 554
274 571
258 514
259 515
276 532
555 297
556 298
573 315
94 70
95 71
112 88
717 787
718 788
735 805
741 24
742 25
759 42
402 748
403 749
420 766
63 465
64 466
81 483
409 346
410 347
427 364
287 300
288 301
305 318
511 798
512 799
524 13
525 14
529 5
542 31
796 541
797 542
15 556
16 557
3 559
33 574
270 255
271 256
288 273
419 243
420 244
437 261
392 635
393 636
410 653
568 176
569 177
586 194
515 349
516 350
533 367
296 645
297 646
314 663
462 166
463 167
480 184
753 578
754 579
771 596
58 636
59 637
76 654
233 175
234 176
251 193
701 453
702 454
719 471
110 563
111 564
128 581
358 248
359 249
376 266
99 160
100 161
117 178
651 750
652 751
669 768
712 61
713 62
730 79
803 667
804 668
8 675
9 676
10 685
26 693
144 136
145 137
162 154
656 454
657 455
674 472
155 609
156 610
173 627
357 202
358 203
375 220
545 78
546 79
563 96
266 344
267 345
284 362
733 467
734 468
751 485
726 92
727 93
744 110
85 177
86 178
103 195
719 634
720 635
737 652
482 566
483 567
500 584
245 727
246 728
263 745
329 84
330 85
347 102
215 626
216 627
233 644
185 400
186 401
203 418
596 411
597 412
614 429
212 572
213 573
230 590
239 451
240 452
257 469
599 360
600 361
617 378
458 134
459 135
476 152
353 487
354 488
371 505
677 324
678 325
695 342
561 366
562 367
579 384
250 616
251 617
268 634
445 195
446 196
463 213
225 806
226 807
5 230
6 231
243 13
23 248
586 581
587 582
604 599
203 410
204 411
221 428
401 604
402 605
419 622
608 207
609 208
626 225
385 442
386 443
403 460
369 754
370 755
387 772
426 57
427 58
444 75
59 251
60 252
77 269
560 619
561 620
578 637
752 192
753 193
770 210
28 504
29 505
46 522
307 335
308 336
325 353
783 476
784 477
801 494
137 33
138 34
155 51
674 707
675 708
692 725
778 104
779 105
796 122
120 538
121 539
138 556
273 393
274 394
291 411
691 418
692 419
709 436
703 489
704 490
721 507
108 597
109 598
126 615
322 214
323 215
340 232
746 452
747 453
764 470
65 517
66 518
83 535
359 294
360 295
377 312
464 242
465 243
482 260
347 589
348 590
365 607
569 222
570 223
587 240
69 431
70 432
87 449
380 449
381 450
398 467
742 362
743 363
760 380
19 342
20 343
37 360
469 488
470 489
487 506
792 323
793 324
810 341
64 341
65 342
82 359
470 534
471 535
488 552
747 277
748 278
765 295
429 423
430 424
447 441
382 805
383 806
388 6
389 7
400 12
406 24
506 187
507 188
524 205
305 492
306 493
323 510
624 319
625 320
642 337
680 75
681 76
698 93
131 206
132 207
149 224
736 605
737 606
754 623
199 338
200 339
217 356
473 672
474 673
491 690
612 139
613 140
630 157
713 669
714 670
731 687
98 767
99 768
116 785
142 44
143 45
160 62
737 290
738 291
755 308
74 364
75 365
92 382
521 447
522 448
539 465
391 550
392 551
409 568
261 652
262 653
279 670
420 159
421 160
438 177
378 316
379 317
396 334
433 749
434 750
451 767
495 62
496 63
513 80
633 40
634 41
651 58
178 218
179 219
196 236
771 593
772 594
789 611
809 775
810 776
2 777
3 778
16 793
20 795
36 34
37 35
54 52
164 519
165 520
182 537
292 456
293 457
310 474
647 355
648 356
665 373
339 425
340 426
357 443
386 725
387 726
404 743
472 86
473 87
490 104
587 23
588 24
605 41
224 247
225 248
242 265
788 564
789 565
806 582
526 547
527 548
544 565
264 790
265 791
282 808
285 21
286 22
303 39
662 562
663 563
680 580
149 711
150 712
167 729
249 100
250 101
267 118
53 143
54 144
71 161
668 721
669 722
686 739
758 90
759 91
776 108
520 439
521 440
538 457
291 730
292 731
309 748
372 81
373 82
390 99
343 497
344 498
361 515
314 657
315 658
332 675
468 154
469 155
486 172
259 607
260 608
277 625
204 463
205 464
222 481
552 348
553 349
570 366
659 508
660 509
677 526
152 660
153 661
170 678
303 151
304 152
321 169
299 516
300 517
317 534
295 594
296 595
313 612
512 217
513 218
530 235
623 671
624 672
641 689
140 763
141 764
158 781
188 48
189 49
206 66
7 126
8 127
11 137
25 144
685 692
686 693
703 710
804 119
805 120
237 211
238 212
255 229
574 785
575 786
592 803
600 26
601 27
618 44
30 540
31 541
48 558
271 301
272 302
289 319
781 510
782 511
799 528
784 325
785 326
802 343
27 352
28 353
45 370
486 459
487 460
504 477
592 113
593 114
610 131
219 332
220 333
237 350
698 479
699 480
716 497
116 466
117 467
134 484
345 461
346 462
363 479
695 350
696 351
713 368
220 716
221 717
238 734
95 315
96 316
113 333
591 496
592 497
609 514
613 491
614 492
631 509
198 689
199 690
216 707
320 122
321 123
338 140
16 288
17 289
2 290
34 306
523 539
524 540
541 557
795 272
796 273
310 714
311 715
328 732
97 407
98 408
115 425
501 404
502 405
519 422
532 655
533 656
550 673
156 688
157 689
174 706
279 123
280 124
297 141
170 627
171 628
188 645
184 354
185 355
202 372
641 457
642 458
659 475
658 490
659 491
676 508
153 643
154 644
171 661
321 168
322 169
339 186
381 370
382 371
399 388
430 800
431 801
441 11
442 12
448 7
459 29
387 478
388 479
405 496
333 720
334 721
351 738
424 91
425 92
442 109
706 543
707 544
724 561
105 648
106 649
123 666
268 163
269 164
286 181
500 79
501 80
518 97
311 390
312 391
329 408
732 421
733 422
750 439
361 10
362 11
8 369
379 28
450 460
451 461
468 478
801 351
802 352
405 802
406 803
9 414
10 415
423 9
27 432
406 397
407 398
424 415
41 738
42 739
59 756
73 114
74 115
91 132
770 697
771 698
788 715
693 309
694 310
711 327
118 427
119 428
136 445
502 384
503 385
520 402
755 614
756 615
773 632
56 670
57 671
74 688
197 141
198 142
215 159
537 745
538 746
555 763
66 603
67 604
84 621
274 208
275 209
292 226
571 546
572 547
589 564
240 786
241 787
258 804
265 25
266 26
283 43
216 644
217 645
234 662
167 383
168 384
185 401
595 428
596 429
613 446
130 718
131 719
148 736
93 223
94 224
111 241
681 588
682 589
699 606
694 327
695 328
712 345
117 444
118 445
135 462
484 367
485 368
502 385
673 760
674 761
691 778
51 724
52 725
69 742
138 87
139 88
156 105
773 127
774 128
791 145
38 165
39 166
56 183
684 646
685 647
702 664
683 129
684 130
701 147
128 257
129 258
146 275
682 554
683 555
700 572
764 776
765 777
782 794
35 799
36 800
47 12
48 13
53 6
65 30
610 437
611 438
628 455
201 638
202 639
219 656
374 173
375 174
392 191
262 661
263 662
280 679
150 412
151 413
168 430
549 399
550 400
567 417
413 135
414 136
431 153
398 533
399 534
416 551
676 278
677 279
694 296
196 284
197 285
214 302
527 723
528 724
545 741
615 88
616 89
633 106
148 231
149 232
166 249
580 728
581 729
598 746
663 83
664 84
681 101
29 522
30 523
47 540
289 318
290 319
307 336
782 493
783 494
800 511
55 179
56 180
73 197
632 687
633 688
650 705
756 124
757 125
774 142
356 731
357 732
374 749
80 436
81 437
98 454
455 375
456 376
473 393
4 72
5 73
14 86
22 90
739 743
740 744
757 761
807 68
808 69
483 584
484 585
501 602
227 710
228 711
245 728
328 101
329 102
346 119
133 772
134 773
151 790
39 172
40 173
57 190
678 639
679 640
696 657
448 765
449 766
466 783
46 494
47 495
64 512
363 317
364 318
381 335
570 528
571 529
588 546
241 769
242 770
259 787
283 42
284 43
301 60
298 498
299 499
316 516
313 611
314 612
331 629
513 200
514 201
531 218
705 525
706 526
723 543
106 631
107 632
124 649
286 180
287 181
304 198
582 744
583 745
600 762
67 649
68 650
85 667
229 162
230 163
247 180
125 628
126 629
143 646
183 308
184 309
201 326
686 503
687 504
704 521
293 408
294 409
311 426
403 696
404 697
421 714
518 115
519 116
536 133
304 606
305 607
322 624
205 509
206 510
223 527
507 302
508 303
525 320
213 590
214 591
231 608
221 434
222 435
239 452
598 377
599 378
616 395
376 280
377 281
394 298
435 715
436 716
453 733
531 96
532 97
549 114
797 559
798 560
14 573
15 574
4 577
32 591
252 238
253 239
270 256
337 389
338 390
355 407
422 759
423 760
440 777
474 52
475 53
492 70
751 542
752 543
769 560
60 602
61 603
78 620
269 209
270 210
287 227
54 161
55 162
72 179
650 704
651 705
668 722
757 107
758 108
775 125
438 585
439 586
456 603
226 664
227 665
244 682
373 147
374 148
391 165
579 690
580 691
597 708
121 700
122 701
139 718
232 111
233 112
250 129
371 190
372 191
389 208
440 630
441 631
458 648
621 181
622 182
639 199
396 640
397 641
414 658
171 567
172 568
189 585
415 244
416 245
433 262
779 235
780 236
797 253
32 267
33 268
50 285
576 544
577 545
594 562
191 194
192 195
209 212
617 808
618 809
620 3
621 4
635 15
638 21
558 312
559 313
576 330
253 565
254 566
271 583
499 246
500 247
517 264
471 368
472 369
489 386
340 708
341 709
358 726
443 103
444 104
461 121
306 642
307 643
324 660
169 475
170 476
187 493
505 336
506 337
523 354
49 71
50 72
67 89
740 789
741 790
758 807
762 22
763 23
780 40
37 666
38 667
55 684
145 182
146 183
163 200
774 629
775 630
792 647
210 536
211 537
228 554
275 485
276 486
293 503
601 326
602 327
619 344
622 653
623 654
640 671
158 780
159 781
176 798
189 31
190 32
207 49
89 791
90 792
107 809
20 109
21 110
38 127
722 702
723 703
740 720
