2 26
24 49
26 50
114 115
115 116
138 24
64 71
65 72
89 96
68 132
69 133
75 7
76 8
93 18
100 32
65 96
66 97
90 121
43 108
44 109
68 133
74 31
75 32
99 56
129 28
130 29
10 38
11 39
15 53
35 63
111 101
112 102
136 126
55 124
56 125
15 70
16 71
80 10
40 95
84 69
85 70
109 94
45 13
46 14
12 57
70 38
94 107
95 108
119 132
126 32
127 33
100 137
101 138
2 102
3 103
125 23
27 127
39 37
40 38
64 62
6 11
7 12
14 20
19 30
31 36
128 134
129 135
133 5
134 6
106 9
107 10
16 122
131 34
33 42
34 43
58 67
130 97
131 98
112 20
113 21
5 117
137 45
27 47
28 48
52 72
119 92
120 93
79 29
80 30
104 54
60 89
61 90
85 114
110 50
111 51
135 75
52 49
53 50
77 74
87 136
88 137
90 3
91 4
112 22
115 28
131 78
132 79
8 86
9 87
17 103
33 111
61 53
62 54
86 78
44 127
45 128
12 56
13 57
69 13
37 81
95 83
96 84
120 108
36 66
37 67
61 91
73 109
74 110
98 134
103 30
104 31
128 55
80 54
81 55
105 79
59 113
60 114
84 138
85 26
86 27
110 51
116 120
117 121
19 135
20 136
23 4
24 5
2 6
44 21
48 29
57 35
58 36
82 60
82 117
83 118
104 22
105 23
107 3
129 47
34 16
35 17
9 43
59 41
105 121
106 122
123 18
124 19
130 7
91 51
92 52
116 76
48 99
49 100
73 124
88 40
89 41
113 65
125 67
126 68
14 81
15 82
11 92
39 106
72 58
73 59
97 83
77 118
78 119
21 98
22 99
102 4
46 123
62 41
63 42
87 66
63 46
64 47
88 71
76 122
77 123
93 17
94 18
101 8
118 42
