2 30
28 57
30 58
50 51
51 52
78 28
18 48
19 49
11 59
47 77
31 49
32 50
60 78
61 30
62 31
8 74
9 75
5 13
6 14
21 16
37 24
34 42
71 66
72 67
65 68
66 69
11 76
12 77
14 3
15 4
15 18
40 26
43 32
64 39
65 40
15 54
16 55
14 68
40 25
41 26
44 4
69 54
46 70
47 71
9 55
10 56
75 20
33 24
34 25
38 5
62 53
38 75
39 76
4 42
5 43
67 25
33 71
41 37
42 38
70 66
52 7
53 8
22 74
27 34
28 35
2 36
56 63
72 45
73 46
67 47
68 48
12 59
13 60
17 76
32 20
33 21
41 9
61 49
21 56
22 57
8 64
23 44
24 45
50 6
52 73
58 35
59 36
62 60
63 61
17 77
18 78
19 2
20 3
12 10
46 27
48 31
10 53
11 54
19 72
26 36
27 37
39 3
55 65
69 43
70 44
22 6
23 7
7 13
23 45
51 35
57 63
58 64
73 16
74 17
