0 1 25
1 2 26
2 3 27
3 4 28
4 5 29
5 6 30
6 7 31
7 8 32
8 9 33
9 10 34
10 11 35
11 12 36
12 13 37
13 14 38
14 15 39
15 16 40
16 17 41
17 18 42
18 19 43
19 20 44
20 21 45
21 22 46
22 23 47
23 24 48
24 25 49
25 26 50
26 27 51
27 28 52
28 29 53
29 30 54
30 31 55
31 32 56
32 33 57
33 34 58
34 35 59
35 36 60
36 37 61
37 38 62
38 39 63
39 40 64
40 41 65
41 42 66
42 43 67
43 44 68
44 45 69
45 46 70
46 47 71
47 48 72
48 49 73
49 50 74
50 51 75
51 52 76
52 53 77
53 54 78
54 55 79
55 56 80
56 57 81
57 58 82
58 59 83
59 60 84
60 61 85
61 62 86
62 63 87
63 64 88
64 65 89
65 66 90
66 67 91
67 68 92
68 69 93
69 70 94
70 71 95
71 72 96
72 73 97
73 74 98
74 75 99
75 76 100
76 77 101
77 78 102
78 79 103
79 80 104
80 81 105
81 82 106
82 83 107
83 84 108
84 85 109
85 86 110
86 87 111
87 88 112
88 89 113
89 90 114
90 91 115
91 92 116
92 93 117
93 94 118
94 95 119
95 96 120
96 97 121
97 98 122
98 99 123
99 100 124
100 101 125
101 102 126
102 103 127
103 104 128
104 105 129
105 106 130
106 107 131
107 108 132
108 109 133
109 110 134
110 111 135
111 112 136
112 113 137
113 114 138
114 115 0
115 116 1
116 117 2
117 118 3
118 119 4
119 120 5
120 121 6
121 122 7
122 123 8
123 124 9
124 125 10
125 126 11
126 127 12
127 128 13
128 129 14
129 130 15
130 131 16
131 132 17
132 133 18
133 134 19
134 135 20
135 136 21
136 137 22
137 138 23
138 0 24
0 64 71
1 65 72
2 66 73
3 67 74
4 68 75
5 69 76
6 70 77
7 71 78
8 72 79
9 73 80
10 74 81
11 75 82
12 76 83
13 77 84
14 78 85
15 79 86
16 80 87
17 81 88
18 82 89
19 83 90
20 84 91
21 85 92
22 86 93
23 87 94
24 88 95
25 89 96
26 90 97
27 91 98
28 92 99
29 93 100
30 94 101
31 95 102
32 96 103
33 97 104
34 98 105
35 99 106
36 100 107
37 101 108
38 102 109
39 103 110
40 104 111
41 105 112
42 106 113
43 107 114
44 108 115
45 109 116
46 110 117
47 111 118
48 112 119
49 113 120
50 114 121
51 115 122
52 116 123
53 117 124
54 118 125
55 119 126
56 120 127
57 121 128
58 122 129
59 123 130
60 124 131
61 125 132
62 126 133
63 127 134
64 128 135
65 129 136
66 130 137
67 131 138
68 132 0
69 133 1
70 134 2
71 135 3
72 136 4
73 137 5
74 138 6
75 0 7
76 1 8
77 2 9
78 3 10
79 4 11
80 5 12
81 6 13
82 7 14
83 8 15
84 9 16
85 10 17
86 11 18
87 12 19
88 13 20
89 14 21
90 15 22
91 16 23
92 17 24
93 18 25
94 19 26
95 20 27
96 21 28
97 22 29
98 23 30
99 24 31
100 25 32
101 26 33
102 27 34
103 28 35
104 29 36
105 30 37
106 31 38
107 32 39
108 33 40
109 34 41
110 35 42
111 36 43
112 37 44
113 38 45
114 39 46
115 40 47
116 41 48
117 42 49
118 43 50
119 44 51
120 45 52
121 46 53
122 47 54
123 48 55
124 49 56
125 50 57
126 51 58
127 52 59
128 53 60
129 54 61
130 55 62
131 56 63
132 57 64
133 58 65
134 59 66
135 60 67
136 61 68
137 62 69
138 63 70
0 65 96
1 66 97
2 67 98
3 68 99
4 69 100
5 70 101
6 71 102
7 72 103
8 73 104
9 74 105
10 75 106
11 76 107
12 77 108
13 78 109
14 79 110
15 80 111
16 81 112
17 82 113
18 83 114
19 84 115
20 85 116
21 86 117
22 87 118
23 88 119
24 89 120
25 90 121
26 91 122
27 92 123
28 93 124
29 94 125
30 95 126
31 96 127
32 97 128
33 98 129
34 99 130
35 100 131
36 101 132
37 102 133
38 103 134
39 104 135
40 105 136
41 106 137
42 107 138
43 108 0
44 109 1
45 110 2
46 111 3
47 112 4
48 113 5
49 114 6
50 115 7
51 116 8
52 117 9
53 118 10
54 119 11
55 120 12
56 121 13
57 122 14
58 123 15
59 124 16
60 125 17
61 126 18
62 127 19
63 128 20
64 129 21
65 130 22
66 131 23
67 132 24
68 133 25
69 134 26
70 135 27
71 136 28
72 137 29
73 138 30
74 0 31
75 1 32
76 2 33
77 3 34
78 4 35
79 5 36
80 6 37
81 7 38
82 8 39
83 9 40
84 10 41
85 11 42
86 12 43
87 13 44
88 14 45
89 15 46
90 16 47
91 17 48
92 18 49
93 19 50
94 20 51
95 21 52
96 22 53
97 23 54
98 24 55
99 25 56
100 26 57
101 27 58
102 28 59
103 29 60
104 30 61
105 31 62
106 32 63
107 33 64
108 34 65
109 35 66
110 36 67
111 37 68
112 38 69
113 39 70
114 40 71
115 41 72
116 42 73
117 43 74
118 44 75
119 45 76
120 46 77
121 47 78
122 48 79
123 49 80
124 50 81
125 51 82
126 52 83
127 53 84
128 54 85
129 55 86
130 56 87
131 57 88
132 58 89
133 59 90
134 60 91
135 61 92
136 62 93
137 63 94
138 64 95
0 129 28
1 130 29
2 131 30
3 132 31
4 133 32
5 134 33
6 135 34
7 136 35
8 137 36
9 138 37
10 0 38
11 1 39
12 2 40
13 3 41
14 4 42
15 5 43
16 6 44
17 7 45
18 8 46
19 9 47
20 10 48
21 11 49
22 12 50
23 13 51
24 14 52
25 15 53
26 16 54
27 17 55
28 18 56
29 19 57
30 20 58
31 21 59
32 22 60
33 23 61
34 24 62
35 25 63
36 26 64
37 27 65
38 28 66
39 29 67
40 30 68
41 31 69
42 32 70
43 33 71
44 34 72
45 35 73
46 36 74
47 37 75
48 38 76
49 39 77
50 40 78
51 41 79
52 42 80
53 43 81
54 44 82
55 45 83
56 46 84
57 47 85
58 48 86
59 49 87
60 50 88
61 51 89
62 52 90
63 53 91
64 54 92
65 55 93
66 56 94
67 57 95
68 58 96
69 59 97
70 60 98
71 61 99
72 62 100
73 63 101
74 64 102
75 65 103
76 66 104
77 67 105
78 68 106
79 69 107
80 70 108
81 71 109
82 72 110
83 73 111
84 74 112
85 75 113
86 76 114
87 77 115
88 78 116
89 79 117
90 80 118
91 81 119
92 82 120
93 83 121
94 84 122
95 85 123
96 86 124
97 87 125
98 88 126
99 89 127
100 90 128
101 91 129
102 92 130
103 93 131
104 94 132
105 95 133
106 96 134
107 97 135
108 98 136
109 99 137
110 100 138
111 101 0
112 102 1
113 103 2
114 104 3
115 105 4
116 106 5
117 107 6
118 108 7
119 109 8
120 110 9
121 111 10
122 112 11
123 113 12
124 114 13
125 115 14
126 116 15
127 117 16
128 118 17
129 119 18
130 120 19
131 121 20
132 122 21
133 123 22
134 124 23
135 125 24
136 126 25
137 127 26
138 128 27
0 55 124
1 56 125
2 57 126
3 58 127
4 59 128
5 60 129
6 61 130
7 62 131
8 63 132
9 64 133
10 65 134
11 66 135
12 67 136
13 68 137
14 69 138
15 70 0
16 71 1
17 72 2
18 73 3
19 74 4
20 75 5
21 76 6
22 77 7
23 78 8
24 79 9
25 80 10
26 81 11
27 82 12
28 83 13
29 84 14
30 85 15
31 86 16
32 87 17
33 88 18
34 89 19
35 90 20
36 91 21
37 92 22
38 93 23
39 94 24
40 95 25
41 96 26
42 97 27
43 98 28
44 99 29
45 100 30
46 101 31
47 102 32
48 103 33
49 104 34
50 105 35
51 106 36
52 107 37
53 108 38
54 109 39
55 110 40
56 111 41
57 112 42
58 113 43
59 114 44
60 115 45
61 116 46
62 117 47
63 118 48
64 119 49
65 120 50
66 121 51
67 122 52
68 123 53
69 124 54
70 125 55
71 126 56
72 127 57
73 128 58
74 129 59
75 130 60
76 131 61
77 132 62
78 133 63
79 134 64
80 135 65
81 136 66
82 137 67
83 138 68
84 0 69
85 1 70
86 2 71
87 3 72
88 4 73
89 5 74
90 6 75
91 7 76
92 8 77
93 9 78
94 10 79
95 11 80
96 12 81
97 13 82
98 14 83
99 15 84
100 16 85
101 17 86
102 18 87
103 19 88
104 20 89
105 21 90
106 22 91
107 23 92
108 24 93
109 25 94
110 26 95
111 27 96
112 28 97
113 29 98
114 30 99
115 31 100
116 32 101
117 33 102
118 34 103
119 35 104
120 36 105
121 37 106
122 38 107
123 39 108
124 40 109
125 41 110
126 42 111
127 43 112
128 44 113
129 45 114
130 46 115
131 47 116
132 48 117
133 49 118
134 50 119
135 51 120
136 52 121
137 53 122
138 54 123
0 45 13
1 46 14
2 47 15
3 48 16
4 49 17
5 50 18
6 51 19
7 52 20
8 53 21
9 54 22
10 55 23
11 56 24
12 57 25
13 58 26
14 59 27
15 60 28
16 61 29
17 62 30
18 63 31
19 64 32
20 65 33
21 66 34
22 67 35
23 68 36
24 69 37
25 70 38
26 71 39
27 72 40
28 73 41
29 74 42
30 75 43
31 76 44
32 77 45
33 78 46
34 79 47
35 80 48
36 81 49
37 82 50
38 83 51
39 84 52
40 85 53
41 86 54
42 87 55
43 88 56
44 89 57
45 90 58
46 91 59
47 92 60
48 93 61
49 94 62
50 95 63
51 96 64
52 97 65
53 98 66
54 99 67
55 100 68
56 101 69
57 102 70
58 103 71
59 104 72
60 105 73
61 106 74
62 107 75
63 108 76
64 109 77
65 110 78
66 111 79
67 112 80
68 113 81
69 114 82
70 115 83
71 116 84
72 117 85
73 118 86
74 119 87
75 120 88
76 121 89
77 122 90
78 123 91
79 124 92
80 125 93
81 126 94
82 127 95
83 128 96
84 129 97
85 130 98
86 131 99
87 132 100
88 133 101
89 134 102
90 135 103
91 136 104
92 137 105
93 138 106
94 0 107
95 1 108
96 2 109
97 3 110
98 4 111
99 5 112
100 6 113
101 7 114
102 8 115
103 9 116
104 10 117
105 11 118
106 12 119
107 13 120
108 14 121
109 15 122
110 16 123
111 17 124
112 18 125
113 19 126
114 20 127
115 21 128
116 22 129
117 23 130
118 24 131
119 25 132
120 26 133
121 27 134
122 28 135
123 29 136
124 30 137
125 31 138
126 32 0
127 33 1
128 34 2
129 35 3
130 36 4
131 37 5
132 38 6
133 39 7
134 40 8
135 41 9
136 42 10
137 43 11
138 44 12
0 100 137
1 101 138
2 102 0
3 103 1
4 104 2
5 105 3
6 106 4
7 107 5
8 108 6
9 109 7
10 110 8
11 111 9
12 112 10
13 113 11
14 114 12
15 115 13
16 116 14
17 117 15
18 118 16
19 119 17
20 120 18
21 121 19
22 122 20
23 123 21
24 124 22
25 125 23
26 126 24
27 127 25
28 128 26
29 129 27
30 130 28
31 131 29
32 132 30
33 133 31
34 134 32
35 135 33
36 136 34
37 137 35
38 138 36
39 0 37
40 1 38
41 2 39
42 3 40
43 4 41
44 5 42
45 6 43
46 7 44
47 8 45
48 9 46
49 10 47
50 11 48
51 12 49
52 13 50
53 14 51
54 15 52
55 16 53
56 17 54
57 18 55
58 19 56
59 20 57
60 21 58
61 22 59
62 23 60
63 24 61
64 25 62
65 26 63
66 27 64
67 28 65
68 29 66
69 30 67
70 31 68
71 32 69
72 33 70
73 34 71
74 35 72
75 36 73
76 37 74
77 38 75
78 39 76
79 40 77
80 41 78
81 42 79
82 43 80
83 44 81
84 45 82
85 46 83
86 47 84
87 48 85
88 49 86
89 50 87
90 51 88
91 52 89
92 53 90
93 54 91
94 55 92
95 56 93
96 57 94
97 58 95
98 59 96
99 60 97
100 61 98
101 62 99
102 63 100
103 64 101
104 65 102
105 66 103
106 67 104
107 68 105
108 69 106
109 70 107
110 71 108
111 72 109
112 73 110
113 74 111
114 75 112
115 76 113
116 77 114
117 78 115
118 79 116
119 80 117
120 81 118
121 82 119
122 83 120
123 84 121
124 85 122
125 86 123
126 87 124
127 88 125
128 89 126
129 90 127
130 91 128
131 92 129
132 93 130
133 94 131
134 95 132
135 96 133
136 97 134
137 98 135
138 99 136
0 6 11
1 7 12
2 8 13
3 9 14
4 10 15
5 11 16
6 12 17
7 13 18
8 14 19
9 15 20
10 16 21
11 17 22
12 18 23
13 19 24
14 20 25
15 21 26
16 22 27
17 23 28
18 24 29
19 25 30
20 26 31
21 27 32
22 28 33
23 29 34
24 30 35
25 31 36
26 32 37
27 33 38
28 34 39
29 35 40
30 36 41
31 37 42
32 38 43
33 39 44
34 40 45
35 41 46
36 42 47
37 43 48
38 44 49
39 45 50
40 46 51
41 47 52
42 48 53
43 49 54
44 50 55
45 51 56
46 52 57
47 53 58
48 54 59
49 55 60
50 56 61
51 57 62
52 58 63
53 59 64
54 60 65
55 61 66
56 62 67
57 63 68
58 64 69
59 65 70
60 66 71
61 67 72
62 68 73
63 69 74
64 70 75
65 71 76
66 72 77
67 73 78
68 74 79
69 75 80
70 76 81
71 77 82
72 78 83
73 79 84
74 80 85
75 81 86
76 82 87
77 83 88
78 84 89
79 85 90
80 86 91
81 87 92
82 88 93
83 89 94
84 90 95
85 91 96
86 92 97
87 93 98
88 94 99
89 95 100
90 96 101
91 97 102
92 98 103
93 99 104
94 100 105
95 101 106
96 102 107
97 103 108
98 104 109
99 105 110
100 106 111
101 107 112
102 108 113
103 109 114
104 110 115
105 111 116
106 112 117
107 113 118
108 114 119
109 115 120
110 116 121
111 117 122
112 118 123
113 119 124
114 120 125
115 121 126
116 122 127
117 123 128
118 124 129
119 125 130
120 126 131
121 127 132
122 128 133
123 129 134
124 130 135
125 131 136
126 132 137
127 133 138
128 134 0
129 135 1
130 136 2
131 137 3
132 138 4
133 0 5
134 1 6
135 2 7
136 3 8
137 4 9
138 5 10
0 106 9
1 107 10
2 108 11
3 109 12
4 110 13
5 111 14
6 112 15
7 113 16
8 114 17
9 115 18
10 116 19
11 117 20
12 118 21
13 119 22
14 120 23
15 121 24
16 122 25
17 123 26
18 124 27
19 125 28
20 126 29
21 127 30
22 128 31
23 129 32
24 130 33
25 131 34
26 132 35
27 133 36
28 134 37
29 135 38
30 136 39
31 137 40
32 138 41
33 0 42
34 1 43
35 2 44
36 3 45
37 4 46
38 5 47
39 6 48
40 7 49
41 8 50
42 9 51
43 10 52
44 11 53
45 12 54
46 13 55
47 14 56
48 15 57
49 16 58
50 17 59
51 18 60
52 19 61
53 20 62
54 21 63
55 22 64
56 23 65
57 24 66
58 25 67
59 26 68
60 27 69
61 28 70
62 29 71
63 30 72
64 31 73
65 32 74
66 33 75
67 34 76
68 35 77
69 36 78
70 37 79
71 38 80
72 39 81
73 40 82
74 41 83
75 42 84
76 43 85
77 44 86
78 45 87
79 46 88
80 47 89
81 48 90
82 49 91
83 50 92
84 51 93
85 52 94
86 53 95
87 54 96
88 55 97
89 56 98
90 57 99
91 58 100
92 59 101
93 60 102
94 61 103
95 62 104
96 63 105
97 64 106
98 65 107
99 66 108
100 67 109
101 68 110
102 69 111
103 70 112
104 71 113
105 72 114
106 73 115
107 74 116
108 75 117
109 76 118
110 77 119
111 78 120
112 79 121
113 80 122
114 81 123
115 82 124
116 83 125
117 84 126
118 85 127
119 86 128
120 87 129
121 88 130
122 89 131
123 90 132
124 91 133
125 92 134
126 93 135
127 94 136
128 95 137
129 96 138
130 97 0
131 98 1
132 99 2
133 100 3
134 101 4
135 102 5
136 103 6
137 104 7
138 105 8
0 112 20
1 113 21
2 114 22
3 115 23
4 116 24
5 117 25
6 118 26
7 119 27
8 120 28
9 121 29
10 122 30
11 123 31
12 124 32
13 125 33
14 126 34
15 127 35
16 128 36
17 129 37
18 130 38
19 131 39
20 132 40
21 133 41
22 134 42
23 135 43
24 136 44
25 137 45
26 138 46
27 0 47
28 1 48
29 2 49
30 3 50
31 4 51
32 5 52
33 6 53
34 7 54
35 8 55
36 9 56
37 10 57
38 11 58
39 12 59
40 13 60
41 14 61
42 15 62
43 16 63
44 17 64
45 18 65
46 19 66
47 20 67
48 21 68
49 22 69
50 23 70
51 24 71
52 25 72
53 26 73
54 27 74
55 28 75
56 29 76
57 30 77
58 31 78
59 32 79
60 33 80
61 34 81
62 35 82
63 36 83
64 37 84
65 38 85
66 39 86
67 40 87
68 41 88
69 42 89
70 43 90
71 44 91
72 45 92
73 46 93
74 47 94
75 48 95
76 49 96
77 50 97
78 51 98
79 52 99
80 53 100
81 54 101
82 55 102
83 56 103
84 57 104
85 58 105
86 59 106
87 60 107
88 61 108
89 62 109
90 63 110
91 64 111
92 65 112
93 66 113
94 67 114
95 68 115
96 69 116
97 70 117
98 71 118
99 72 119
100 73 120
101 74 121
102 75 122
103 76 123
104 77 124
105 78 125
106 79 126
107 80 127
108 81 128
109 82 129
110 83 130
111 84 131
112 85 132
113 86 133
114 87 134
115 88 135
116 89 136
117 90 137
118 91 138
119 92 0
120 93 1
121 94 2
122 95 3
123 96 4
124 97 5
125 98 6
126 99 7
127 100 8
128 101 9
129 102 10
130 103 11
131 104 12
132 105 13
133 106 14
134 107 15
135 108 16
136 109 17
137 110 18
138 111 19
0 79 29
1 80 30
2 81 31
3 82 32
4 83 33
5 84 34
6 85 35
7 86 36
8 87 37
9 88 38
10 89 39
11 90 40
12 91 41
13 92 42
14 93 43
15 94 44
16 95 45
17 96 46
18 97 47
19 98 48
20 99 49
21 100 50
22 101 51
23 102 52
24 103 53
25 104 54
26 105 55
27 106 56
28 107 57
29 108 58
30 109 59
31 110 60
32 111 61
33 112 62
34 113 63
35 114 64
36 115 65
37 116 66
38 117 67
39 118 68
40 119 69
41 120 70
42 121 71
43 122 72
44 123 73
45 124 74
46 125 75
47 126 76
48 127 77
49 128 78
50 129 79
51 130 80
52 131 81
53 132 82
54 133 83
55 134 84
56 135 85
57 136 86
58 137 87
59 138 88
60 0 89
61 1 90
62 2 91
63 3 92
64 4 93
65 5 94
66 6 95
67 7 96
68 8 97
69 9 98
70 10 99
71 11 100
72 12 101
73 13 102
74 14 103
75 15 104
76 16 105
77 17 106
78 18 107
79 19 108
80 20 109
81 21 110
82 22 111
83 23 112
84 24 113
85 25 114
86 26 115
87 27 116
88 28 117
89 29 118
90 30 119
91 31 120
92 32 121
93 33 122
94 34 123
95 35 124
96 36 125
97 37 126
98 38 127
99 39 128
100 40 129
101 41 130
102 42 131
103 43 132
104 44 133
105 45 134
106 46 135
107 47 136
108 48 137
109 49 138
110 50 0
111 51 1
112 52 2
113 53 3
114 54 4
115 55 5
116 56 6
117 57 7
118 58 8
119 59 9
120 60 10
121 61 11
122 62 12
123 63 13
124 64 14
125 65 15
126 66 16
127 67 17
128 68 18
129 69 19
130 70 20
131 71 21
132 72 22
133 73 23
134 74 24
135 75 25
136 76 26
137 77 27
138 78 28
0 52 49
1 53 50
2 54 51
3 55 52
4 56 53
5 57 54
6 58 55
7 59 56
8 60 57
9 61 58
10 62 59
11 63 60
12 64 61
13 65 62
14 66 63
15 67 64
16 68 65
17 69 66
18 70 67
19 71 68
20 72 69
21 73 70
22 74 71
23 75 72
24 76 73
25 77 74
26 78 75
27 79 76
28 80 77
29 81 78
30 82 79
31 83 80
32 84 81
33 85 82
34 86 83
35 87 84
36 88 85
37 89 86
38 90 87
39 91 88
40 92 89
41 93 90
42 94 91
43 95 92
44 96 93
45 97 94
46 98 95
47 99 96
48 100 97
49 101 98
50 102 99
51 103 100
52 104 101
53 105 102
54 106 103
55 107 104
56 108 105
57 109 106
58 110 107
59 111 108
60 112 109
61 113 110
62 114 111
63 115 112
64 116 113
65 117 114
66 118 115
67 119 116
68 120 117
69 121 118
70 122 119
71 123 120
72 124 121
73 125 122
74 126 123
75 127 124
76 128 125
77 129 126
78 130 127
79 131 128
80 132 129
81 133 130
82 134 131
83 135 132
84 136 133
85 137 134
86 138 135
87 0 136
88 1 137
89 2 138
90 3 0
91 4 1
92 5 2
93 6 3
94 7 4
95 8 5
96 9 6
97 10 7
98 11 8
99 12 9
100 13 10
101 14 11
102 15 12
103 16 13
104 17 14
105 18 15
106 19 16
107 20 17
108 21 18
109 22 19
110 23 20
111 24 21
112 25 22
113 26 23
114 27 24
115 28 25
116 29 26
117 30 27
118 31 28
119 32 29
120 33 30
121 34 31
122 35 32
123 36 33
124 37 34
125 38 35
126 39 36
127 40 37
128 41 38
129 42 39
130 43 40
131 44 41
132 45 42
133 46 43
134 47 44
135 48 45
136 49 46
137 50 47
138 51 48
0 131 78
1 132 79
2 133 80
3 134 81
4 135 82
5 136 83
6 137 84
7 138 85
8 0 86
9 1 87
10 2 88
11 3 89
12 4 90
13 5 91
14 6 92
15 7 93
16 8 94
17 9 95
18 10 96
19 11 97
20 12 98
21 13 99
22 14 100
23 15 101
24 16 102
25 17 103
26 18 104
27 19 105
28 20 106
29 21 107
30 22 108
31 23 109
32 24 110
33 25 111
34 26 112
35 27 113
36 28 114
37 29 115
38 30 116
39 31 117
40 32 118
41 33 119
42 34 120
43 35 121
44 36 122
45 37 123
46 38 124
47 39 125
48 40 126
49 41 127
50 42 128
51 43 129
52 44 130
53 45 131
54 46 132
55 47 133
56 48 134
57 49 135
58 50 136
59 51 137
60 52 138
61 53 0
62 54 1
63 55 2
64 56 3
65 57 4
66 58 5
67 59 6
68 60 7
69 61 8
70 62 9
71 63 10
72 64 11
73 65 12
74 66 13
75 67 14
76 68 15
77 69 16
78 70 17
79 71 18
80 72 19
81 73 20
82 74 21
83 75 22
84 76 23
85 77 24
86 78 25
87 79 26
88 80 27
89 81 28
90 82 29
91 83 30
92 84 31
93 85 32
94 86 33
95 87 34
96 88 35
97 89 36
98 90 37
99 91 38
100 92 39
101 93 40
102 94 41
103 95 42
104 96 43
105 97 44
106 98 45
107 99 46
108 100 47
109 101 48
110 102 49
111 103 50
112 104 51
113 105 52
114 106 53
115 107 54
116 108 55
117 109 56
118 110 57
119 111 58
120 112 59
121 113 60
122 114 61
123 115 62
124 116 63
125 117 64
126 118 65
127 119 66
128 120 67
129 121 68
130 122 69
131 123 70
132 124 71
133 125 72
134 126 73
135 127 74
136 128 75
137 129 76
138 130 77
0 44 127
1 45 128
2 46 129
3 47 130
4 48 131
5 49 132
6 50 133
7 51 134
8 52 135
9 53 136
10 54 137
11 55 138
12 56 0
13 57 1
14 58 2
15 59 3
16 60 4
17 61 5
18 62 6
19 63 7
20 64 8
21 65 9
22 66 10
23 67 11
24 68 12
25 69 13
26 70 14
27 71 15
28 72 16
29 73 17
30 74 18
31 75 19
32 76 20
33 77 21
34 78 22
35 79 23
36 80 24
37 81 25
38 82 26
39 83 27
40 84 28
41 85 29
42 86 30
43 87 31
44 88 32
45 89 33
46 90 34
47 91 35
48 92 36
49 93 37
50 94 38
51 95 39
52 96 40
53 97 41
54 98 42
55 99 43
56 100 44
57 101 45
58 102 46
59 103 47
60 104 48
61 105 49
62 106 50
63 107 51
64 108 52
65 109 53
66 110 54
67 111 55
68 112 56
69 113 57
70 114 58
71 115 59
72 116 60
73 117 61
74 118 62
75 119 63
76 120 64
77 121 65
78 122 66
79 123 67
80 124 68
81 125 69
82 126 70
83 127 71
84 128 72
85 129 73
86 130 74
87 131 75
88 132 76
89 133 77
90 134 78
91 135 79
92 136 80
93 137 81
94 138 82
95 0 83
96 1 84
97 2 85
98 3 86
99 4 87
100 5 88
101 6 89
102 7 90
103 8 91
104 9 92
105 10 93
106 11 94
107 12 95
108 13 96
109 14 97
110 15 98
111 16 99
112 17 100
113 18 101
114 19 102
115 20 103
116 21 104
117 22 105
118 23 106
119 24 107
120 25 108
121 26 109
122 27 110
123 28 111
124 29 112
125 30 113
126 31 114
127 32 115
128 33 116
129 34 117
130 35 118
131 36 119
132 37 120
133 38 121
134 39 122
135 40 123
136 41 124
137 42 125
138 43 126
0 36 66
1 37 67
2 38 68
3 39 69
4 40 70
5 41 71
6 42 72
7 43 73
8 44 74
9 45 75
10 46 76
11 47 77
12 48 78
13 49 79
14 50 80
15 51 81
16 52 82
17 53 83
18 54 84
19 55 85
20 56 86
21 57 87
22 58 88
23 59 89
24 60 90
25 61 91
26 62 92
27 63 93
28 64 94
29 65 95
30 66 96
31 67 97
32 68 98
33 69 99
34 70 100
35 71 101
36 72 102
37 73 103
38 74 104
39 75 105
40 76 106
41 77 107
42 78 108
43 79 109
44 80 110
45 81 111
46 82 112
47 83 113
48 84 114
49 85 115
50 86 116
51 87 117
52 88 118
53 89 119
54 90 120
55 91 121
56 92 122
57 93 123
58 94 124
59 95 125
60 96 126
61 97 127
62 98 128
63 99 129
64 100 130
65 101 131
66 102 132
67 103 133
68 104 134
69 105 135
70 106 136
71 107 137
72 108 138
73 109 0
74 110 1
75 111 2
76 112 3
77 113 4
78 114 5
79 115 6
80 116 7
81 117 8
82 118 9
83 119 10
84 120 11
85 121 12
86 122 13
87 123 14
88 124 15
89 125 16
90 126 17
91 127 18
92 128 19
93 129 20
94 130 21
95 131 22
96 132 23
97 133 24
98 134 25
99 135 26
100 136 27
101 137 28
102 138 29
103 0 30
104 1 31
105 2 32
106 3 33
107 4 34
108 5 35
109 6 36
110 7 37
111 8 38
112 9 39
113 10 40
114 11 41
115 12 42
116 13 43
117 14 44
118 15 45
119 16 46
120 17 47
121 18 48
122 19 49
123 20 50
124 21 51
125 22 52
126 23 53
127 24 54
128 25 55
129 26 56
130 27 57
131 28 58
132 29 59
133 30 60
134 31 61
135 32 62
136 33 63
137 34 64
138 35 65
0 80 54
1 81 55
2 82 56
3 83 57
4 84 58
5 85 59
6 86 60
7 87 61
8 88 62
9 89 63
10 90 64
11 91 65
12 92 66
13 93 67
14 94 68
15 95 69
16 96 70
17 97 71
18 98 72
19 99 73
20 100 74
21 101 75
22 102 76
23 103 77
24 104 78
25 105 79
26 106 80
27 107 81
28 108 82
29 109 83
30 110 84
31 111 85
32 112 86
33 113 87
34 114 88
35 115 89
36 116 90
37 117 91
38 118 92
39 119 93
40 120 94
41 121 95
42 122 96
43 123 97
44 124 98
45 125 99
46 126 100
47 127 101
48 128 102
49 129 103
50 130 104
51 131 105
52 132 106
53 133 107
54 134 108
55 135 109
56 136 110
57 137 111
58 138 112
59 0 113
60 1 114
61 2 115
62 3 116
63 4 117
64 5 118
65 6 119
66 7 120
67 8 121
68 9 122
69 10 123
70 11 124
71 12 125
72 13 126
73 14 127
74 15 128
75 16 129
76 17 130
77 18 131
78 19 132
79 20 133
80 21 134
81 22 135
82 23 136
83 24 137
84 25 138
85 26 0
86 27 1
87 28 2
88 29 3
89 30 4
90 31 5
91 32 6
92 33 7
93 34 8
94 35 9
95 36 10
96 37 11
97 38 12
98 39 13
99 40 14
100 41 15
101 42 16
102 43 17
103 44 18
104 45 19
105 46 20
106 47 21
107 48 22
108 49 23
109 50 24
110 51 25
111 52 26
112 53 27
113 54 28
114 55 29
115 56 30
116 57 31
117 58 32
118 59 33
119 60 34
120 61 35
121 62 36
122 63 37
123 64 38
124 65 39
125 66 40
126 67 41
127 68 42
128 69 43
129 70 44
130 71 45
131 72 46
132 73 47
133 74 48
134 75 49
135 76 50
136 77 51
137 78 52
138 79 53
0 116 120
1 117 121
2 118 122
3 119 123
4 120 124
5 121 125
6 122 126
7 123 127
8 124 128
9 125 129
10 126 130
11 127 131
12 128 132
13 129 133
14 130 134
15 131 135
16 132 136
17 133 137
18 134 138
19 135 0
20 136 1
21 137 2
22 138 3
23 0 4
24 1 5
25 2 6
26 3 7
27 4 8
28 5 9
29 6 10
30 7 11
31 8 12
32 9 13
33 10 14
34 11 15
35 12 16
36 13 17
37 14 18
38 15 19
39 16 20
40 17 21
41 18 22
42 19 23
43 20 24
44 21 25
45 22 26
46 23 27
47 24 28
48 25 29
49 26 30
50 27 31
51 28 32
52 29 33
53 30 34
54 31 35
55 32 36
56 33 37
57 34 38
58 35 39
59 36 40
60 37 41
61 38 42
62 39 43
63 40 44
64 41 45
65 42 46
66 43 47
67 44 48
68 45 49
69 46 50
70 47 51
71 48 52
72 49 53
73 50 54
74 51 55
75 52 56
76 53 57
77 54 58
78 55 59
79 56 60
80 57 61
81 58 62
82 59 63
83 60 64
84 61 65
85 62 66
86 63 67
87 64 68
88 65 69
89 66 70
90 67 71
91 68 72
92 69 73
93 70 74
94 71 75
95 72 76
96 73 77
97 74 78
98 75 79
99 76 80
100 77 81
101 78 82
102 79 83
103 80 84
104 81 85
105 82 86
106 83 87
107 84 88
108 85 89
109 86 90
110 87 91
111 88 92
112 89 93
113 90 94
114 91 95
115 92 96
116 93 97
117 94 98
118 95 99
119 96 100
120 97 101
121 98 102
122 99 103
123 100 104
124 101 105
125 102 106
126 103 107
127 104 108
128 105 109
129 106 110
130 107 111
131 108 112
132 109 113
133 110 114
134 111 115
135 112 116
136 113 117
137 114 118
138 115 119
0 57 35
1 58 36
2 59 37
3 60 38
4 61 39
5 62 40
6 63 41
7 64 42
8 65 43
9 66 44
10 67 45
11 68 46
12 69 47
13 70 48
14 71 49
15 72 50
16 73 51
17 74 52
18 75 53
19 76 54
20 77 55
21 78 56
22 79 57
23 80 58
24 81 59
25 82 60
26 83 61
27 84 62
28 85 63
29 86 64
30 87 65
31 88 66
32 89 67
33 90 68
34 91 69
35 92 70
36 93 71
37 94 72
38 95 73
39 96 74
40 97 75
41 98 76
42 99 77
43 100 78
44 101 79
45 102 80
46 103 81
47 104 82
48 105 83
49 106 84
50 107 85
51 108 86
52 109 87
53 110 88
54 111 89
55 112 90
56 113 91
57 114 92
58 115 93
59 116 94
60 117 95
61 118 96
62 119 97
63 120 98
64 121 99
65 122 100
66 123 101
67 124 102
68 125 103
69 126 104
70 127 105
71 128 106
72 129 107
73 130 108
74 131 109
75 132 110
76 133 111
77 134 112
78 135 113
79 136 114
80 137 115
81 138 116
82 0 117
83 1 118
84 2 119
85 3 120
86 4 121
87 5 122
88 6 123
89 7 124
90 8 125
91 9 126
92 10 127
93 11 128
94 12 129
95 13 130
96 14 131
97 15 132
98 16 133
99 17 134
100 18 135
101 19 136
102 20 137
103 21 138
104 22 0
105 23 1
106 24 2
107 25 3
108 26 4
109 27 5
110 28 6
111 29 7
112 30 8
113 31 9
114 32 10
115 33 11
116 34 12
117 35 13
118 36 14
119 37 15
120 38 16
121 39 17
122 40 18
123 41 19
124 42 20
125 43 21
126 44 22
127 45 23
128 46 24
129 47 25
130 48 26
131 49 27
132 50 28
133 51 29
134 52 30
135 53 31
136 54 32
137 55 33
138 56 34
0 34 16
1 35 17
2 36 18
3 37 19
4 38 20
5 39 21
6 40 22
7 41 23
8 42 24
9 43 25
10 44 26
11 45 27
12 46 28
13 47 29
14 48 30
15 49 31
16 50 32
17 51 33
18 52 34
19 53 35
20 54 36
21 55 37
22 56 38
23 57 39
24 58 40
25 59 41
26 60 42
27 61 43
28 62 44
29 63 45
30 64 46
31 65 47
32 66 48
33 67 49
34 68 50
35 69 51
36 70 52
37 71 53
38 72 54
39 73 55
40 74 56
41 75 57
42 76 58
43 77 59
44 78 60
45 79 61
46 80 62
47 81 63
48 82 64
49 83 65
50 84 66
51 85 67
52 86 68
53 87 69
54 88 70
55 89 71
56 90 72
57 91 73
58 92 74
59 93 75
60 94 76
61 95 77
62 96 78
63 97 79
64 98 80
65 99 81
66 100 82
67 101 83
68 102 84
69 103 85
70 104 86
71 105 87
72 106 88
73 107 89
74 108 90
75 109 91
76 110 92
77 111 93
78 112 94
79 113 95
80 114 96
81 115 97
82 116 98
83 117 99
84 118 100
85 119 101
86 120 102
87 121 103
88 122 104
89 123 105
90 124 106
91 125 107
92 126 108
93 127 109
94 128 110
95 129 111
96 130 112
97 131 113
98 132 114
99 133 115
100 134 116
101 135 117
102 136 118
103 137 119
104 138 120
105 0 121
106 1 122
107 2 123
108 3 124
109 4 125
110 5 126
111 6 127
112 7 128
113 8 129
114 9 130
115 10 131
116 11 132
117 12 133
118 13 134
119 14 135
120 15 136
121 16 137
122 17 138
123 18 0
124 19 1
125 20 2
126 21 3
127 22 4
128 23 5
129 24 6
130 25 7
131 26 8
132 27 9
133 28 10
134 29 11
135 30 12
136 31 13
137 32 14
138 33 15
0 91 51
1 92 52
2 93 53
3 94 54
4 95 55
5 96 56
6 97 57
7 98 58
8 99 59
9 100 60
10 101 61
11 102 62
12 103 63
13 104 64
14 105 65
15 106 66
16 107 67
17 108 68
18 109 69
19 110 70
20 111 71
21 112 72
22 113 73
23 114 74
24 115 75
25 116 76
26 117 77
27 118 78
28 119 79
29 120 80
30 121 81
31 122 82
32 123 83
33 124 84
34 125 85
35 126 86
36 127 87
37 128 88
38 129 89
39 130 90
40 131 91
41 132 92
42 133 93
43 134 94
44 135 95
45 136 96
46 137 97
47 138 98
48 0 99
49 1 100
50 2 101
51 3 102
52 4 103
53 5 104
54 6 105
55 7 106
56 8 107
57 9 108
58 10 109
59 11 110
60 12 111
61 13 112
62 14 113
63 15 114
64 16 115
65 17 116
66 18 117
67 19 118
68 20 119
69 21 120
70 22 121
71 23 122
72 24 123
73 25 124
74 26 125
75 27 126
76 28 127
77 29 128
78 30 129
79 31 130
80 32 131
81 33 132
82 34 133
83 35 134
84 36 135
85 37 136
86 38 137
87 39 138
88 40 0
89 41 1
90 42 2
91 43 3
92 44 4
93 45 5
94 46 6
95 47 7
96 48 8
97 49 9
98 50 10
99 51 11
100 52 12
101 53 13
102 54 14
103 55 15
104 56 16
105 57 17
106 58 18
107 59 19
108 60 20
109 61 21
110 62 22
111 63 23
112 64 24
113 65 25
114 66 26
115 67 27
116 68 28
117 69 29
118 70 30
119 71 31
120 72 32
121 73 33
122 74 34
123 75 35
124 76 36
125 77 37
126 78 38
127 79 39
128 80 40
129 81 41
130 82 42
131 83 43
132 84 44
133 85 45
134 86 46
135 87 47
136 88 48
137 89 49
138 90 50
0 125 67
1 126 68
2 127 69
3 128 70
4 129 71
5 130 72
6 131 73
7 132 74
8 133 75
9 134 76
10 135 77
11 136 78
12 137 79
13 138 80
14 0 81
15 1 82
16 2 83
17 3 84
18 4 85
19 5 86
20 6 87
21 7 88
22 8 89
23 9 90
24 10 91
25 11 92
26 12 93
27 13 94
28 14 95
29 15 96
30 16 97
31 17 98
32 18 99
33 19 100
34 20 101
35 21 102
36 22 103
37 23 104
38 24 105
39 25 106
40 26 107
41 27 108
42 28 109
43 29 110
44 30 111
45 31 112
46 32 113
47 33 114
48 34 115
49 35 116
50 36 117
51 37 118
52 38 119
53 39 120
54 40 121
55 41 122
56 42 123
57 43 124
58 44 125
59 45 126
60 46 127
61 47 128
62 48 129
63 49 130
64 50 131
65 51 132
66 52 133
67 53 134
68 54 135
69 55 136
70 56 137
71 57 138
72 58 0
73 59 1
74 60 2
75 61 3
76 62 4
77 63 5
78 64 6
79 65 7
80 66 8
81 67 9
82 68 10
83 69 11
84 70 12
85 71 13
86 72 14
87 73 15
88 74 16
89 75 17
90 76 18
91 77 19
92 78 20
93 79 21
94 80 22
95 81 23
96 82 24
97 83 25
98 84 26
99 85 27
100 86 28
101 87 29
102 88 30
103 89 31
104 90 32
105 91 33
106 92 34
107 93 35
108 94 36
109 95 37
110 96 38
111 97 39
112 98 40
113 99 41
114 100 42
115 101 43
116 102 44
117 103 45
118 104 46
119 105 47
120 106 48
121 107 49
122 108 50
123 109 51
124 110 52
125 111 53
126 112 54
127 113 55
128 114 56
129 115 57
130 116 58
131 117 59
132 118 60
133 119 61
134 120 62
135 121 63
136 122 64
137 123 65
138 124 66
0 77 118
1 78 119
2 79 120
3 80 121
4 81 122
5 82 123
6 83 124
7 84 125
8 85 126
9 86 127
10 87 128
11 88 129
12 89 130
13 90 131
14 91 132
15 92 133
16 93 134
17 94 135
18 95 136
19 96 137
20 97 138
21 98 0
22 99 1
23 100 2
24 101 3
25 102 4
26 103 5
27 104 6
28 105 7
29 106 8
30 107 9
31 108 10
32 109 11
33 110 12
34 111 13
35 112 14
36 113 15
37 114 16
38 115 17
39 116 18
40 117 19
41 118 20
42 119 21
43 120 22
44 121 23
45 122 24
46 123 25
47 124 26
48 125 27
49 126 28
50 127 29
51 128 30
52 129 31
53 130 32
54 131 33
55 132 34
56 133 35
57 134 36
58 135 37
59 136 38
60 137 39
61 138 40
62 0 41
63 1 42
64 2 43
65 3 44
66 4 45
67 5 46
68 6 47
69 7 48
70 8 49
71 9 50
72 10 51
73 11 52
74 12 53
75 13 54
76 14 55
77 15 56
78 16 57
79 17 58
80 18 59
81 19 60
82 20 61
83 21 62
84 22 63
85 23 64
86 24 65
87 25 66
88 26 67
89 27 68
90 28 69
91 29 70
92 30 71
93 31 72
94 32 73
95 33 74
96 34 75
97 35 76
98 36 77
99 37 78
100 38 79
101 39 80
102 40 81
103 41 82
104 42 83
105 43 84
106 44 85
107 45 86
108 46 87
109 47 88
110 48 89
111 49 90
112 50 91
113 51 92
114 52 93
115 53 94
116 54 95
117 55 96
118 56 97
119 57 98
120 58 99
121 59 100
122 60 101
123 61 102
124 62 103
125 63 104
126 64 105
127 65 106
128 66 107
129 67 108
130 68 109
131 69 110
132 70 111
133 71 112
134 72 113
135 73 114
136 74 115
137 75 116
138 76 117
0 63 46
1 64 47
2 65 48
3 66 49
4 67 50
5 68 51
6 69 52
7 70 53
8 71 54
9 72 55
10 73 56
11 74 57
12 75 58
13 76 59
14 77 60
15 78 61
16 79 62
17 80 63
18 81 64
19 82 65
20 83 66
21 84 67
22 85 68
23 86 69
24 87 70
25 88 71
26 89 72
27 90 73
28 91 74
29 92 75
30 93 76
31 94 77
32 95 78
33 96 79
34 97 80
35 98 81
36 99 82
37 100 83
38 101 84
39 102 85
40 103 86
41 104 87
42 105 88
43 106 89
44 107 90
45 108 91
46 109 92
47 110 93
48 111 94
49 112 95
50 113 96
51 114 97
52 115 98
53 116 99
54 117 100
55 118 101
56 119 102
57 120 103
58 121 104
59 122 105
60 123 106
61 124 107
62 125 108
63 126 109
64 127 110
65 128 111
66 129 112
67 130 113
68 131 114
69 132 115
70 133 116
71 134 117
72 135 118
73 136 119
74 137 120
75 138 121
76 0 122
77 1 123
78 2 124
79 3 125
80 4 126
81 5 127
82 6 128
83 7 129
84 8 130
85 9 131
86 10 132
87 11 133
88 12 134
89 13 135
90 14 136
91 15 137
92 16 138
93 17 0
94 18 1
95 19 2
96 20 3
97 21 4
98 22 5
99 23 6
100 24 7
101 25 8
102 26 9
103 27 10
104 28 11
105 29 12
106 30 13
107 31 14
108 32 15
109 33 16
110 34 17
111 35 18
112 36 19
113 37 20
114 38 21
115 39 22
116 40 23
117 41 24
118 42 25
119 43 26
120 44 27
121 45 28
122 46 29
123 47 30
124 48 31
125 49 32
126 50 33
127 51 34
128 52 35
129 53 36
130 54 37
131 55 38
132 56 39
133 57 40
134 58 41
135 59 42
136 60 43
137 61 44
138 62 45
