0 1 29
1 2 30
2 3 31
3 4 32
4 5 33
5 6 34
6 7 35
7 8 36
8 9 37
9 10 38
10 11 39
11 12 40
12 13 41
13 14 42
14 15 43
15 16 44
16 17 45
17 18 46
18 19 47
19 20 48
20 21 49
21 22 50
22 23 51
23 24 52
24 25 53
25 26 54
26 27 55
27 28 56
28 29 57
29 30 58
30 31 59
31 32 60
32 33 61
33 34 62
34 35 63
35 36 64
36 37 65
37 38 66
38 39 67
39 40 68
40 41 69
41 42 70
42 43 71
43 44 72
44 45 73
45 46 74
46 47 75
47 48 76
48 49 77
49 50 78
50 51 0
51 52 1
52 53 2
53 54 3
54 55 4
55 56 5
56 57 6
57 58 7
58 59 8
59 60 9
60 61 10
61 62 11
62 63 12
63 64 13
64 65 14
65 66 15
66 67 16
67 68 17
68 69 18
69 70 19
70 71 20
71 72 21
72 73 22
73 74 23
74 75 24
75 76 25
76 77 26
77 78 27
78 0 28
0 18 48
1 19 49
2 20 50
3 21 51
4 22 52
5 23 53
6 24 54
7 25 55
8 26 56
9 27 57
10 28 58
11 29 59
12 30 60
13 31 61
14 32 62
15 33 63
16 34 64
17 35 65
18 36 66
19 37 67
20 38 68
21 39 69
22 40 70
23 41 71
24 42 72
25 43 73
26 44 74
27 45 75
28 46 76
29 47 77
30 48 78
31 49 0
32 50 1
33 51 2
34 52 3
35 53 4
36 54 5
37 55 6
38 56 7
39 57 8
40 58 9
41 59 10
42 60 11
43 61 12
44 62 13
45 63 14
46 64 15
47 65 16
48 66 17
49 67 18
50 68 19
51 69 20
52 70 21
53 71 22
54 72 23
55 73 24
56 74 25
57 75 26
58 76 27
59 77 28
60 78 29
61 0 30
62 1 31
63 2 32
64 3 33
65 4 34
66 5 35
67 6 36
68 7 37
69 8 38
70 9 39
71 10 40
72 11 41
73 12 42
74 13 43
75 14 44
76 15 45
77 16 46
78 17 47
0 8 74
1 9 75
2 10 76
3 11 77
4 12 78
5 13 0
6 14 1
7 15 2
8 16 3
9 17 4
10 18 5
11 19 6
12 20 7
13 21 8
14 22 9
15 23 10
16 24 11
17 25 12
18 26 13
19 27 14
20 28 15
21 29 16
22 30 17
23 31 18
24 32 19
25 33 20
26 34 21
27 35 22
28 36 23
29 37 24
30 38 25
31 39 26
32 40 27
33 41 28
34 42 29
35 43 30
36 44 31
37 45 32
38 46 33
39 47 34
40 48 35
41 49 36
42 50 37
43 51 38
44 52 39
45 53 40
46 54 41
47 55 42
48 56 43
49 57 44
50 58 45
51 59 46
52 60 47
53 61 48
54 62 49
55 63 50
56 64 51
57 65 52
58 66 53
59 67 54
60 68 55
61 69 56
62 70 57
63 71 58
64 72 59
65 73 60
66 74 61
67 75 62
68 76 63
69 77 64
70 78 65
71 0 66
72 1 67
73 2 68
74 3 69
75 4 70
76 5 71
77 6 72
78 7 73
0 65 68
1 66 69
2 67 70
3 68 71
4 69 72
5 70 73
6 71 74
7 72 75
8 73 76
9 74 77
10 75 78
11 76 0
12 77 1
13 78 2
14 0 3
15 1 4
16 2 5
17 3 6
18 4 7
19 5 8
20 6 9
21 7 10
22 8 11
23 9 12
24 10 13
25 11 14
26 12 15
27 13 16
28 14 17
29 15 18
30 16 19
31 17 20
32 18 21
33 19 22
34 20 23
35 21 24
36 22 25
37 23 26
38 24 27
39 25 28
40 26 29
41 27 30
42 28 31
43 29 32
44 30 33
45 31 34
46 32 35
47 33 36
48 34 37
49 35 38
50 36 39
51 37 40
52 38 41
53 39 42
54 40 43
55 41 44
56 42 45
57 43 46
58 44 47
59 45 48
60 46 49
61 47 50
62 48 51
63 49 52
64 50 53
65 51 54
66 52 55
67 53 56
68 54 57
69 55 58
70 56 59
71 57 60
72 58 61
73 59 62
74 60 63
75 61 64
76 62 65
77 63 66
78 64 67
0 64 39
1 65 40
2 66 41
3 67 42
4 68 43
5 69 44
6 70 45
7 71 46
8 72 47
9 73 48
10 74 49
11 75 50
12 76 51
13 77 52
14 78 53
15 0 54
16 1 55
17 2 56
18 3 57
19 4 58
20 5 59
21 6 60
22 7 61
23 8 62
24 9 63
25 10 64
26 11 65
27 12 66
28 13 67
29 14 68
30 15 69
31 16 70
32 17 71
33 18 72
34 19 73
35 20 74
36 21 75
37 22 76
38 23 77
39 24 78
40 25 0
41 26 1
42 27 2
43 28 3
44 29 4
45 30 5
46 31 6
47 32 7
48 33 8
49 34 9
50 35 10
51 36 11
52 37 12
53 38 13
54 39 14
55 40 15
56 41 16
57 42 17
58 43 18
59 44 19
60 45 20
61 46 21
62 47 22
63 48 23
64 49 24
65 50 25
66 51 26
67 52 27
68 53 28
69 54 29
70 55 30
71 56 31
72 57 32
73 58 33
74 59 34
75 60 35
76 61 36
77 62 37
78 63 38
0 46 70
1 47 71
2 48 72
3 49 73
4 50 74
5 51 75
6 52 76
7 53 77
8 54 78
9 55 0
10 56 1
11 57 2
12 58 3
13 59 4
14 60 5
15 61 6
16 62 7
17 63 8
18 64 9
19 65 10
20 66 11
21 67 12
22 68 13
23 69 14
24 70 15
25 71 16
26 72 17
27 73 18
28 74 19
29 75 20
30 76 21
31 77 22
32 78 23
33 0 24
34 1 25
35 2 26
36 3 27
37 4 28
38 5 29
39 6 30
40 7 31
41 8 32
42 9 33
43 10 34
44 11 35
45 12 36
46 13 37
47 14 38
48 15 39
49 16 40
50 17 41
51 18 42
52 19 43
53 20 44
54 21 45
55 22 46
56 23 47
57 24 48
58 25 49
59 26 50
60 27 51
61 28 52
62 29 53
63 30 54
64 31 55
65 32 56
66 33 57
67 34 58
68 35 59
69 36 60
70 37 61
71 38 62
72 39 63
73 40 64
74 41 65
75 42 66
76 43 67
77 44 68
78 45 69
0 38 75
1 39 76
2 40 77
3 41 78
4 42 0
5 43 1
6 44 2
7 45 3
8 46 4
9 47 5
10 48 6
11 49 7
12 50 8
13 51 9
14 52 10
15 53 11
16 54 12
17 55 13
18 56 14
19 57 15
20 58 16
21 59 17
22 60 18
23 61 19
24 62 20
25 63 21
26 64 22
27 65 23
28 66 24
29 67 25
30 68 26
31 69 27
32 70 28
33 71 29
34 72 30
35 73 31
36 74 32
37 75 33
38 76 34
39 77 35
40 78 36
41 0 37
42 1 38
43 2 39
44 3 40
45 4 41
46 5 42
47 6 43
48 7 44
49 8 45
50 9 46
51 10 47
52 11 48
53 12 49
54 13 50
55 14 51
56 15 52
57 16 53
58 17 54
59 18 55
60 19 56
61 20 57
62 21 58
63 22 59
64 23 60
65 24 61
66 25 62
67 26 63
68 27 64
69 28 65
70 29 66
71 30 67
72 31 68
73 32 69
74 33 70
75 34 71
76 35 72
77 36 73
78 37 74
0 52 7
1 53 8
2 54 9
3 55 10
4 56 11
5 57 12
6 58 13
7 59 14
8 60 15
9 61 16
10 62 17
11 63 18
12 64 19
13 65 20
14 66 21
15 67 22
16 68 23
17 69 24
18 70 25
19 71 26
20 72 27
21 73 28
22 74 29
23 75 30
24 76 31
25 77 32
26 78 33
27 0 34
28 1 35
29 2 36
30 3 37
31 4 38
32 5 39
33 6 40
34 7 41
35 8 42
36 9 43
37 10 44
38 11 45
39 12 46
40 13 47
41 14 48
42 15 49
43 16 50
44 17 51
45 18 52
46 19 53
47 20 54
48 21 55
49 22 56
50 23 57
51 24 58
52 25 59
53 26 60
54 27 61
55 28 62
56 29 63
57 30 64
58 31 65
59 32 66
60 33 67
61 34 68
62 35 69
63 36 70
64 37 71
65 38 72
66 39 73
67 40 74
68 41 75
69 42 76
70 43 77
71 44 78
72 45 0
73 46 1
74 47 2
75 48 3
76 49 4
77 50 5
78 51 6
0 67 47
1 68 48
2 69 49
3 70 50
4 71 51
5 72 52
6 73 53
7 74 54
8 75 55
9 76 56
10 77 57
11 78 58
12 0 59
13 1 60
14 2 61
15 3 62
16 4 63
17 5 64
18 6 65
19 7 66
20 8 67
21 9 68
22 10 69
23 11 70
24 12 71
25 13 72
26 14 73
27 15 74
28 16 75
29 17 76
30 18 77
31 19 78
32 20 0
33 21 1
34 22 2
35 23 3
36 24 4
37 25 5
38 26 6
39 27 7
40 28 8
41 29 9
42 30 10
43 31 11
44 32 12
45 33 13
46 34 14
47 35 15
48 36 16
49 37 17
50 38 18
51 39 19
52 40 20
53 41 21
54 42 22
55 43 23
56 44 24
57 45 25
58 46 26
59 47 27
60 48 28
61 49 29
62 50 30
63 51 31
64 52 32
65 53 33
66 54 34
67 55 35
68 56 36
69 57 37
70 58 38
71 59 39
72 60 40
73 61 41
74 62 42
75 63 43
76 64 44
77 65 45
78 66 46
0 21 56
1 22 57
2 23 58
3 24 59
4 25 60
5 26 61
6 27 62
7 28 63
8 29 64
9 30 65
10 31 66
11 32 67
12 33 68
13 34 69
14 35 70
15 36 71
16 37 72
17 38 73
18 39 74
19 40 75
20 41 76
21 42 77
22 43 78
23 44 0
24 45 1
25 46 2
26 47 3
27 48 4
28 49 5
29 50 6
30 51 7
31 52 8
32 53 9
33 54 10
34 55 11
35 56 12
36 57 13
37 58 14
38 59 15
39 60 16
40 61 17
41 62 18
42 63 19
43 64 20
44 65 21
45 66 22
46 67 23
47 68 24
48 69 25
49 70 26
50 71 27
51 72 28
52 73 29
53 74 30
54 75 31
55 76 32
56 77 33
57 78 34
58 0 35
59 1 36
60 2 37
61 3 38
62 4 39
63 5 40
64 6 41
65 7 42
66 8 43
67 9 44
68 10 45
69 11 46
70 12 47
71 13 48
72 14 49
73 15 50
74 16 51
75 17 52
76 18 53
77 19 54
78 20 55
0 62 60
1 63 61
2 64 62
3 65 63
4 66 64
5 67 65
6 68 66
7 69 67
8 70 68
9 71 69
10 72 70
11 73 71
12 74 72
13 75 73
14 76 74
15 77 75
16 78 76
17 0 77
18 1 78
19 2 0
20 3 1
21 4 2
22 5 3
23 6 4
24 7 5
25 8 6
26 9 7
27 10 8
28 11 9
29 12 10
30 13 11
31 14 12
32 15 13
33 16 14
34 17 15
35 18 16
36 19 17
37 20 18
38 21 19
39 22 20
40 23 21
41 24 22
42 25 23
43 26 24
44 27 25
45 28 26
46 29 27
47 30 28
48 31 29
49 32 30
50 33 31
51 34 32
52 35 33
53 36 34
54 37 35
55 38 36
56 39 37
57 40 38
58 41 39
59 42 40
60 43 41
61 44 42
62 45 43
63 46 44
64 47 45
65 48 46
66 49 47
67 50 48
68 51 49
69 52 50
70 53 51
71 54 52
72 55 53
73 56 54
74 57 55
75 58 56
76 59 57
77 60 58
78 61 59
0 10 53
1 11 54
2 12 55
3 13 56
4 14 57
5 15 58
6 16 59
7 17 60
8 18 61
9 19 62
10 20 63
11 21 64
12 22 65
13 23 66
14 24 67
15 25 68
16 26 69
17 27 70
18 28 71
19 29 72
20 30 73
21 31 74
22 32 75
23 33 76
24 34 77
25 35 78
26 36 0
27 37 1
28 38 2
29 39 3
30 40 4
31 41 5
32 42 6
33 43 7
34 44 8
35 45 9
36 46 10
37 47 11
38 48 12
39 49 13
40 50 14
41 51 15
42 52 16
43 53 17
44 54 18
45 55 19
46 56 20
47 57 21
48 58 22
49 59 23
50 60 24
51 61 25
52 62 26
53 63 27
54 64 28
55 65 29
56 66 30
57 67 31
58 68 32
59 69 33
60 70 34
61 71 35
62 72 36
63 73 37
64 74 38
65 75 39
66 76 40
67 77 41
68 78 42
69 0 43
70 1 44
71 2 45
72 3 46
73 4 47
74 5 48
75 6 49
76 7 50
77 8 51
78 9 52
0 22 6
1 23 7
2 24 8
3 25 9
4 26 10
5 27 11
6 28 12
7 29 13
8 30 14
9 31 15
10 32 16
11 33 17
12 34 18
13 35 19
14 36 20
15 37 21
16 38 22
17 39 23
18 40 24
19 41 25
20 42 26
21 43 27
22 44 28
23 45 29
24 46 30
25 47 31
26 48 32
27 49 33
28 50 34
29 51 35
30 52 36
31 53 37
32 54 38
33 55 39
34 56 40
35 57 41
36 58 42
37 59 43
38 60 44
39 61 45
40 62 46
41 63 47
42 64 48
43 65 49
44 66 50
45 67 51
46 68 52
47 69 53
48 70 54
49 71 55
50 72 56
51 73 57
52 74 58
53 75 59
54 76 60
55 77 61
56 78 62
57 0 63
58 1 64
59 2 65
60 3 66
61 4 67
62 5 68
63 6 69
64 7 70
65 8 71
66 9 72
67 10 73
68 11 74
69 12 75
70 13 76
71 14 77
72 15 78
73 16 0
74 17 1
75 18 2
76 19 3
77 20 4
78 21 5
